      #Energy        TDOS
     -45.18070       0.00000
     -45.15570       0.00000
     -45.13070       0.00000
     -45.10570       0.00000
     -45.08070       0.00000
     -45.05570       0.00000
     -45.03070       0.00000
     -45.00570       0.00000
     -44.98070       0.00000
     -44.95670       0.00000
     -44.93170       0.00000
     -44.90670       0.00000
     -44.88170       0.00000
     -44.85670       0.00000
     -44.83170       0.00000
     -44.80670       0.00000
     -44.78170       0.00000
     -44.75670       0.00000
     -44.73170       0.00000
     -44.70670       0.00000
     -44.68170       0.00000
     -44.65770       0.00000
     -44.63270       0.00000
     -44.60770       0.00000
     -44.58270       0.00000
     -44.55770       0.00000
     -44.53270       0.00000
     -44.50770       0.00000
     -44.48270       0.00000
     -44.45770       0.00000
     -44.43270       0.00000
     -44.40770       0.00000
     -44.38270       0.00000
     -44.35870       0.00000
     -44.33370       0.00000
     -44.30870       0.00000
     -44.28370       0.00000
     -44.25870       0.00000
     -44.23370       0.00000
     -44.20870       0.00000
     -44.18370       0.00000
     -44.15870       0.00000
     -44.13370       0.00000
     -44.10870       0.00000
     -44.08370       0.00000
     -44.05970       0.00000
     -44.03470       0.00000
     -44.00970       0.00000
     -43.98470       0.00000
     -43.95970       0.00000
     -43.93470       0.00000
     -43.90970       0.00000
     -43.88470       0.00000
     -43.85970       0.00000
     -43.83470       0.00000
     -43.80970       0.00000
     -43.78470       0.00000
     -43.76070       0.00000
     -43.73570       0.00000
     -43.71070       0.00000
     -43.68570       0.00000
     -43.66070       0.00000
     -43.63570       0.00000
     -43.61070       0.00000
     -43.58570       0.00000
     -43.56070       0.00000
     -43.53570       0.00000
     -43.51070       0.00000
     -43.48570       0.00000
     -43.46170       0.00000
     -43.43670       0.00000
     -43.41170       0.00000
     -43.38670       0.00000
     -43.36170       0.00000
     -43.33670       0.00000
     -43.31170       0.00000
     -43.28670       0.00000
     -43.26170       0.00000
     -43.23670       0.00000
     -43.21170       0.00000
     -43.18670       0.00000
     -43.16270       0.00000
     -43.13770       0.00000
     -43.11270       0.00000
     -43.08770       0.00000
     -43.06270       0.00000
     -43.03770       0.00000
     -43.01270       0.00000
     -42.98770       0.00000
     -42.96270       0.00000
     -42.93770       0.00000
     -42.91270       0.00000
     -42.88770       0.00000
     -42.86370       0.00000
     -42.83870       0.00000
     -42.81370       0.00000
     -42.78870       0.00000
     -42.76370       0.00000
     -42.73870       0.00000
     -42.71370       0.00000
     -42.68870       0.00000
     -42.66370       0.00000
     -42.63870       0.00000
     -42.61370       0.00000
     -42.58870       0.00000
     -42.56470       0.00000
     -42.53970       0.00000
     -42.51470       0.00000
     -42.48970       0.00000
     -42.46470       0.00000
     -42.43970       0.00000
     -42.41470       0.00000
     -42.38970       0.00000
     -42.36470       0.00000
     -42.33970       0.00000
     -42.31470       0.00000
     -42.28970       0.00000
     -42.26570       0.00000
     -42.24070       0.00000
     -42.21570       0.00000
     -42.19070       0.00000
     -42.16570       0.00000
     -42.14070       0.00000
     -42.11570       0.00000
     -42.09070       0.00000
     -42.06570       0.00000
     -42.04070       0.00000
     -42.01570       0.00000
     -41.99070       0.00000
     -41.96670       0.00000
     -41.94170       0.00000
     -41.91670       0.00000
     -41.89170       0.00000
     -41.86670       0.00000
     -41.84170       0.00000
     -41.81670       0.00000
     -41.79170       0.00000
     -41.76670       0.00000
     -41.74170       0.00000
     -41.71670       0.00000
     -41.69170       0.00000
     -41.66770       0.00000
     -41.64270       0.00000
     -41.61770       0.00000
     -41.59270       0.00000
     -41.56770       0.00000
     -41.54270       0.00000
     -41.51770       0.00000
     -41.49270       0.00000
     -41.46770       0.00000
     -41.44270       0.00000
     -41.41770       0.00000
     -41.39270       0.00000
     -41.36870       0.00000
     -41.34370       0.00000
     -41.31870       0.00000
     -41.29370       0.00000
     -41.26870       0.00000
     -41.24370       0.00000
     -41.21870       0.00000
     -41.19370       0.00000
     -41.16870       0.00000
     -41.14370       0.00000
     -41.11870       0.00000
     -41.09370       0.00000
     -41.06870       0.00000
     -41.04470       0.00000
     -41.01970       0.00000
     -40.99470       0.00000
     -40.96970       0.00000
     -40.94470       0.00000
     -40.91970       0.00000
     -40.89470       0.00000
     -40.86970       0.00000
     -40.84470       0.00000
     -40.81970       0.00000
     -40.79470       0.00000
     -40.76970       0.00000
     -40.74570       0.00000
     -40.72070       0.00000
     -40.69570       0.00000
     -40.67070       0.00000
     -40.64570       0.00000
     -40.62070       0.00000
     -40.59570       0.00000
     -40.57070       0.00000
     -40.54570       0.00000
     -40.52070       0.00000
     -40.49570       0.00000
     -40.47070       0.00000
     -40.44670       0.00000
     -40.42170       0.00000
     -40.39670       0.00000
     -40.37170       0.00000
     -40.34670       0.00000
     -40.32170       0.00000
     -40.29670       0.00000
     -40.27170       0.00000
     -40.24670       0.00000
     -40.22170       0.00000
     -40.19670       0.00000
     -40.17170       0.00000
     -40.14770       0.00000
     -40.12270       0.00000
     -40.09770       0.00000
     -40.07270       0.00000
     -40.04770       0.00000
     -40.02270       0.00000
     -39.99770       0.00000
     -39.97270       0.00000
     -39.94770       0.00000
     -39.92270       0.00000
     -39.89770       0.00000
     -39.87270       0.00000
     -39.84870       0.00000
     -39.82370       0.00000
     -39.79870       0.00000
     -39.77370       0.00000
     -39.74870       0.00000
     -39.72370       0.00000
     -39.69870       0.00000
     -39.67370       0.00000
     -39.64870       0.00000
     -39.62370       0.00000
     -39.59870       0.00000
     -39.57370       0.00000
     -39.54970       0.00000
     -39.52470       0.00000
     -39.49970       0.00000
     -39.47470       0.00000
     -39.44970       0.00000
     -39.42470       0.00000
     -39.39970       0.00000
     -39.37470       0.00000
     -39.34970       0.00000
     -39.32470       0.00000
     -39.29970       0.00000
     -39.27470       0.00000
     -39.25070       0.00000
     -39.22570       0.00000
     -39.20070       0.00000
     -39.17570       0.00000
     -39.15070       0.00000
     -39.12570       0.00000
     -39.10070       0.00000
     -39.07570       0.00000
     -39.05070       0.00000
     -39.02570       0.00000
     -39.00070       0.00000
     -38.97570       0.00000
     -38.95170       0.00000
     -38.92670       0.00000
     -38.90170       0.00000
     -38.87670       0.00000
     -38.85170       0.00000
     -38.82670       0.00000
     -38.80170       0.00000
     -38.77670       0.00000
     -38.75170       0.00000
     -38.72670       0.00000
     -38.70170       0.00000
     -38.67670       0.00000
     -38.65270       0.00000
     -38.62770       0.00000
     -38.60270       0.00000
     -38.57770       0.00000
     -38.55270       0.00000
     -38.52770       0.00000
     -38.50270       0.00000
     -38.47770       0.00000
     -38.45270       0.00000
     -38.42770       0.00000
     -38.40270       0.00000
     -38.37770       0.00000
     -38.35370       0.00000
     -38.32870       0.00000
     -38.30370       0.00000
     -38.27870       0.00000
     -38.25370       0.00000
     -38.22870       0.00000
     -38.20370       0.00000
     -38.17870       0.00000
     -38.15370       0.00000
     -38.12870       0.00000
     -38.10370       0.00000
     -38.07870       0.00000
     -38.05470       0.00000
     -38.02970       0.00000
     -38.00470       0.00000
     -37.97970       0.00000
     -37.95470       0.00000
     -37.92970       0.00000
     -37.90470       0.00000
     -37.87970       0.00000
     -37.85470       0.00000
     -37.82970       0.00000
     -37.80470       0.00000
     -37.77970       0.00000
     -37.75570       0.00000
     -37.73070       0.00000
     -37.70570       0.00000
     -37.68070       0.00000
     -37.65570       0.00000
     -37.63070       0.00000
     -37.60570       0.00000
     -37.58070       0.00000
     -37.55570       0.00000
     -37.53070       0.00000
     -37.50570       0.00000
     -37.48070       0.00000
     -37.45670       0.00000
     -37.43170       0.00000
     -37.40670       0.00000
     -37.38170       0.00000
     -37.35670       0.00000
     -37.33170       0.00000
     -37.30670       0.00000
     -37.28170       0.00000
     -37.25670       0.00000
     -37.23170       0.00000
     -37.20670       0.00000
     -37.18170       0.00000
     -37.15770       0.00000
     -37.13270       0.00000
     -37.10770       0.00000
     -37.08270       0.00000
     -37.05770       0.00000
     -37.03270       0.00000
     -37.00770       0.00000
     -36.98270       0.00000
     -36.95770       0.00000
     -36.93270       0.00000
     -36.90770       0.00000
     -36.88270       0.00000
     -36.85870       0.00000
     -36.83370       0.00000
     -36.80870       0.00000
     -36.78370       0.00000
     -36.75870       0.00000
     -36.73370       0.00000
     -36.70870       0.00000
     -36.68370       0.00000
     -36.65870       0.00000
     -36.63370       0.00000
     -36.60870       0.00000
     -36.58370       0.00000
     -36.55970       0.00000
     -36.53470       0.00000
     -36.50970       0.00000
     -36.48470       0.00000
     -36.45970       0.00000
     -36.43470       0.00000
     -36.40970       0.00000
     -36.38470       0.00000
     -36.35970       0.00000
     -36.33470       0.00000
     -36.30970       0.00000
     -36.28470       0.00000
     -36.26070       0.00000
     -36.23570       0.00000
     -36.21070       0.00000
     -36.18570       0.00000
     -36.16070       0.00000
     -36.13570       0.00000
     -36.11070       0.00000
     -36.08570       0.00000
     -36.06070       0.00000
     -36.03570       0.00000
     -36.01070       0.00000
     -35.98570       0.00000
     -35.96170       0.00000
     -35.93670       0.00000
     -35.91170       0.00000
     -35.88670       0.00000
     -35.86170       0.00000
     -35.83670       0.00000
     -35.81170       0.00000
     -35.78670       0.00000
     -35.76170       0.00000
     -35.73670       0.00000
     -35.71170       0.00000
     -35.68670       0.00000
     -35.66270       0.00000
     -35.63770       0.00000
     -35.61270       0.00000
     -35.58770       0.00000
     -35.56270       0.00000
     -35.53770       0.00000
     -35.51270       0.00000
     -35.48770       0.00000
     -35.46270       0.00000
     -35.43770       0.00000
     -35.41270       0.00000
     -35.38770       0.00000
     -35.36370       0.00000
     -35.33870       0.00000
     -35.31370       0.00000
     -35.28870       0.00000
     -35.26370       0.00000
     -35.23870       0.00000
     -35.21370       0.00000
     -35.18870       0.00000
     -35.16370       0.00000
     -35.13870       0.00000
     -35.11370       0.00000
     -35.08870       0.00000
     -35.06470       0.00000
     -35.03970       0.00000
     -35.01470       0.00000
     -34.98970       0.00000
     -34.96470       0.00000
     -34.93970       0.00000
     -34.91470       0.00000
     -34.88970       0.00000
     -34.86470       0.00000
     -34.83970       0.00000
     -34.81470       0.00000
     -34.78970       0.00000
     -34.76570       0.00000
     -34.74070       0.00000
     -34.71570       0.00000
     -34.69070       0.00000
     -34.66570       0.00000
     -34.64070       0.00000
     -34.61570       0.00000
     -34.59070       0.00000
     -34.56570       0.00000
     -34.54070       0.00000
     -34.51570       0.00000
     -34.49070       0.00000
     -34.46670       0.00000
     -34.44170       0.00000
     -34.41670       0.00000
     -34.39170       0.00000
     -34.36670       0.00000
     -34.34170       0.00000
     -34.31670       0.00000
     -34.29170       0.00000
     -34.26670       0.00000
     -34.24170       0.00000
     -34.21670       0.00000
     -34.19170       0.00000
     -34.16770       0.00000
     -34.14270       0.00000
     -34.11770       0.00000
     -34.09270       0.00000
     -34.06770       0.00000
     -34.04270       0.00000
     -34.01770       0.00000
     -33.99270       0.00000
     -33.96770       0.00000
     -33.94270       0.00000
     -33.91770       0.00000
     -33.89270       0.00000
     -33.86870       0.00000
     -33.84370       0.00000
     -33.81870       0.00000
     -33.79370       0.00000
     -33.76870       0.00000
     -33.74370       0.00000
     -33.71870       0.00000
     -33.69370       0.00000
     -33.66870       0.00000
     -33.64370       0.00000
     -33.61870       0.00000
     -33.59370       0.00000
     -33.56970       0.00000
     -33.54470       0.00000
     -33.51970       0.00000
     -33.49470       0.00000
     -33.46970       0.00000
     -33.44470       0.00000
     -33.41970       0.00000
     -33.39470       0.00000
     -33.36970       0.00000
     -33.34470       0.00000
     -33.31970       0.00000
     -33.29470       0.00000
     -33.27070       0.00000
     -33.24570       0.00000
     -33.22070       0.00000
     -33.19570       0.00000
     -33.17070       0.00000
     -33.14570       0.00000
     -33.12070       0.00000
     -33.09570       0.00000
     -33.07070       0.00000
     -33.04570       0.00000
     -33.02070       0.00000
     -32.99570       0.00000
     -32.97170       0.00000
     -32.94670       0.00000
     -32.92170       0.00000
     -32.89670       0.00000
     -32.87170       0.00000
     -32.84670       0.00000
     -32.82170       0.00000
     -32.79670       0.00000
     -32.77170       0.00000
     -32.74670       0.00000
     -32.72170       0.00000
     -32.69670       0.00000
     -32.67270       0.00000
     -32.64770       0.00000
     -32.62270       0.00000
     -32.59770       0.00000
     -32.57270       0.00000
     -32.54770       0.00000
     -32.52270       0.00000
     -32.49770       0.00000
     -32.47270       0.00000
     -32.44770       0.00000
     -32.42270       0.00000
     -32.39770       0.00000
     -32.37370       0.00000
     -32.34870       0.00000
     -32.32370       0.00000
     -32.29870       0.00000
     -32.27370       0.00000
     -32.24870       0.00000
     -32.22370       0.00000
     -32.19870       0.00000
     -32.17370       0.00000
     -32.14870       0.00000
     -32.12370       0.00000
     -32.09870       0.00000
     -32.07470       0.00000
     -32.04970       0.00000
     -32.02470       0.00000
     -31.99970       0.00000
     -31.97470       0.00000
     -31.94970       0.00000
     -31.92470       0.00000
     -31.89970       0.00000
     -31.87470       0.00000
     -31.84970       0.00000
     -31.82470       0.00000
     -31.79970       0.00000
     -31.77570       0.00000
     -31.75070       0.00000
     -31.72570       0.00000
     -31.70070       0.00000
     -31.67570       0.00000
     -31.65070       0.00000
     -31.62570       0.00000
     -31.60070       0.00000
     -31.57570       0.00000
     -31.55070       0.00000
     -31.52570       0.00000
     -31.50070       0.00000
     -31.47670       0.00000
     -31.45170       0.00000
     -31.42670       0.00000
     -31.40170       0.00000
     -31.37670       0.00000
     -31.35170       0.00000
     -31.32670       0.00000
     -31.30170       0.00000
     -31.27670       0.00000
     -31.25170       0.00000
     -31.22670       0.00000
     -31.20170       0.00000
     -31.17770       0.00000
     -31.15270       0.00000
     -31.12770       0.00000
     -31.10270       0.00000
     -31.07770       0.00000
     -31.05270       0.00000
     -31.02770       0.00000
     -31.00270       0.00000
     -30.97770       0.00000
     -30.95270       0.00000
     -30.92770       0.00000
     -30.90270       0.00000
     -30.87870       0.00000
     -30.85370       0.00000
     -30.82870       0.00000
     -30.80370       0.00000
     -30.77870       0.00000
     -30.75370       0.00000
     -30.72870       0.00000
     -30.70370       0.00000
     -30.67870       0.00000
     -30.65370       0.00000
     -30.62870       0.00000
     -30.60370       0.00000
     -30.57970       0.00000
     -30.55470       0.00000
     -30.52970       0.00000
     -30.50470       0.00000
     -30.47970       0.00000
     -30.45470       0.00000
     -30.42970       0.00000
     -30.40470       0.00000
     -30.37970       0.00000
     -30.35470       0.00000
     -30.32970       0.00000
     -30.30470       0.00000
     -30.28070       0.00000
     -30.25570       0.00000
     -30.23070       0.00000
     -30.20570       0.00000
     -30.18070       0.00000
     -30.15570       0.00000
     -30.13070       0.00000
     -30.10570       0.00000
     -30.08070       0.00000
     -30.05570       0.00000
     -30.03070       0.00000
     -30.00570       0.00000
     -29.98170       0.00000
     -29.95670       0.00000
     -29.93170       0.00000
     -29.90670       0.00000
     -29.88170       0.00000
     -29.85670       0.00000
     -29.83170       0.00000
     -29.80670       0.00000
     -29.78170       0.00000
     -29.75670       0.00000
     -29.73170       0.00000
     -29.70670       0.00000
     -29.68170       0.00000
     -29.65770       0.00000
     -29.63270       0.00000
     -29.60770       0.00000
     -29.58270       0.00000
     -29.55770       0.00000
     -29.53270       0.00000
     -29.50770       0.00000
     -29.48270       0.00000
     -29.45770       0.00000
     -29.43270       0.00000
     -29.40770       0.00000
     -29.38270       0.00000
     -29.35870       0.00000
     -29.33370       0.00000
     -29.30870       0.00000
     -29.28370       0.00000
     -29.25870       0.00000
     -29.23370       0.00000
     -29.20870       0.00000
     -29.18370       0.00000
     -29.15870       0.00000
     -29.13370       0.00000
     -29.10870       0.00000
     -29.08370       0.00000
     -29.05970       0.00000
     -29.03470       0.00000
     -29.00970       0.00000
     -28.98470       0.00000
     -28.95970       0.00000
     -28.93470       0.00000
     -28.90970       0.00000
     -28.88470       0.00000
     -28.85970       0.00000
     -28.83470       0.00000
     -28.80970       0.00000
     -28.78470       0.00000
     -28.76070       0.00000
     -28.73570       0.00000
     -28.71070       0.00000
     -28.68570       0.00000
     -28.66070       0.00000
     -28.63570       0.00000
     -28.61070       0.00000
     -28.58570       0.00000
     -28.56070       0.00000
     -28.53570       0.00000
     -28.51070       0.00000
     -28.48570       0.00000
     -28.46170       0.00000
     -28.43670       0.00000
     -28.41170       0.00000
     -28.38670       0.00000
     -28.36170       0.00000
     -28.33670       0.00000
     -28.31170       0.00000
     -28.28670       0.00000
     -28.26170       0.00000
     -28.23670       0.00000
     -28.21170       0.00000
     -28.18670       0.00000
     -28.16270       0.00000
     -28.13770       0.00000
     -28.11270       0.00000
     -28.08770       0.00000
     -28.06270       0.00000
     -28.03770       0.00000
     -28.01270       0.00000
     -27.98770       0.00000
     -27.96270       0.00000
     -27.93770       0.00000
     -27.91270       0.00000
     -27.88770       0.00000
     -27.86370       0.00000
     -27.83870       0.00000
     -27.81370       0.00000
     -27.78870       0.00000
     -27.76370       0.00000
     -27.73870       0.00000
     -27.71370       0.00000
     -27.68870       0.00000
     -27.66370       0.00000
     -27.63870       0.00000
     -27.61370       0.00000
     -27.58870       0.00000
     -27.56470       0.00000
     -27.53970       0.00000
     -27.51470       0.00000
     -27.48970       0.00000
     -27.46470       0.00000
     -27.43970       0.00000
     -27.41470       0.00000
     -27.38970       0.00000
     -27.36470       0.00000
     -27.33970       0.00000
     -27.31470       0.00000
     -27.28970       0.00000
     -27.26570       0.00000
     -27.24070       0.00000
     -27.21570       0.00000
     -27.19070       0.00000
     -27.16570       0.00000
     -27.14070       0.00000
     -27.11570       0.00000
     -27.09070       0.00000
     -27.06570       0.00000
     -27.04070       0.00000
     -27.01570       0.00000
     -26.99070       0.00000
     -26.96670       0.00000
     -26.94170       0.00000
     -26.91670       0.00000
     -26.89170       0.00000
     -26.86670       0.00000
     -26.84170       0.00000
     -26.81670       0.00000
     -26.79170       0.00000
     -26.76670       0.00000
     -26.74170       0.00000
     -26.71670       0.00000
     -26.69170       0.00000
     -26.66770       0.00000
     -26.64270       0.00000
     -26.61770       0.00000
     -26.59270       0.00000
     -26.56770       0.00000
     -26.54270       0.00000
     -26.51770       0.00000
     -26.49270       0.00000
     -26.46770       0.00000
     -26.44270       0.00000
     -26.41770       0.00000
     -26.39270       0.00000
     -26.36870       0.00000
     -26.34370       0.00000
     -26.31870       0.00000
     -26.29370       0.00000
     -26.26870       0.00000
     -26.24370       0.00000
     -26.21870       0.00000
     -26.19370       0.00000
     -26.16870       0.00000
     -26.14370       0.00000
     -26.11870       0.00000
     -26.09370       0.00000
     -26.06970       0.00000
     -26.04470       0.00000
     -26.01970       0.00000
     -25.99470       0.00000
     -25.96970       0.00000
     -25.94470       0.00000
     -25.91970       0.00000
     -25.89470       0.00000
     -25.86970       0.00000
     -25.84470       0.00000
     -25.81970       0.00000
     -25.79470       0.00000
     -25.77070       0.00000
     -25.74570       0.00000
     -25.72070       0.00000
     -25.69570       0.00000
     -25.67070       0.00000
     -25.64570       0.00000
     -25.62070       0.00000
     -25.59570       0.00000
     -25.57070       0.00000
     -25.54570       0.00000
     -25.52070       0.00000
     -25.49570       0.00000
     -25.47170       0.00000
     -25.44670       0.00000
     -25.42170       0.00000
     -25.39670       0.00000
     -25.37170       0.00000
     -25.34670       0.00000
     -25.32170       0.00000
     -25.29670       0.00000
     -25.27170       0.00000
     -25.24670       0.00000
     -25.22170       0.00000
     -25.19670       0.00000
     -25.17270       0.00000
     -25.14770       0.00000
     -25.12270       0.00000
     -25.09770       0.00000
     -25.07270       0.00000
     -25.04770       0.00000
     -25.02270       0.00000
     -24.99770       0.00000
     -24.97270       0.00000
     -24.94770       0.00000
     -24.92270       0.00000
     -24.89770       0.00000
     -24.87370       0.00000
     -24.84870       0.00000
     -24.82370       0.00000
     -24.79870       0.00000
     -24.77370       0.00000
     -24.74870       0.00000
     -24.72370       0.00000
     -24.69870       0.00000
     -24.67370       0.00000
     -24.64870       0.00000
     -24.62370       0.00000
     -24.59870       0.00000
     -24.57470       0.00000
     -24.54970       0.00000
     -24.52470       0.00000
     -24.49970       0.00000
     -24.47470       0.00000
     -24.44970       0.00000
     -24.42470       0.00000
     -24.39970       0.00000
     -24.37470       0.00000
     -24.34970       0.00000
     -24.32470       0.00000
     -24.29970       0.00000
     -24.27570       0.00000
     -24.25070       0.00000
     -24.22570       0.00000
     -24.20070       0.00000
     -24.17570       0.00000
     -24.15070       0.00000
     -24.12570       0.00000
     -24.10070       0.00000
     -24.07570       0.00000
     -24.05070       0.00000
     -24.02570       0.00000
     -24.00070       0.00000
     -23.97670       0.00000
     -23.95170       0.00000
     -23.92670       0.00000
     -23.90170       0.00000
     -23.87670       0.00000
     -23.85170       0.00000
     -23.82670       0.00000
     -23.80170       0.00000
     -23.77670       0.00000
     -23.75170       0.00000
     -23.72670       0.00000
     -23.70170       0.00000
     -23.67770       0.00000
     -23.65270       0.00000
     -23.62770       0.00000
     -23.60270       0.00000
     -23.57770       0.00000
     -23.55270       0.00000
     -23.52770       0.00000
     -23.50270       0.00000
     -23.47770       0.00000
     -23.45270       0.00000
     -23.42770       0.00000
     -23.40270       0.00000
     -23.37870       0.00000
     -23.35370       0.00000
     -23.32870       0.00000
     -23.30370       0.00000
     -23.27870       0.00000
     -23.25370       0.00000
     -23.22870       0.00000
     -23.20370       0.00000
     -23.17870       0.00000
     -23.15370       0.00000
     -23.12870       0.00000
     -23.10370       0.00000
     -23.07970       0.00000
     -23.05470       0.00000
     -23.02970       0.00000
     -23.00470       0.00000
     -22.97970       0.00000
     -22.95470       0.00000
     -22.92970       0.00000
     -22.90470       0.00000
     -22.87970       0.00000
     -22.85470       0.00000
     -22.82970       0.00000
     -22.80470       0.00000
     -22.78070       0.00000
     -22.75570       0.00000
     -22.73070       0.00000
     -22.70570       0.00000
     -22.68070       0.00000
     -22.65570       0.00000
     -22.63070       0.00000
     -22.60570       0.00000
     -22.58070       0.00000
     -22.55570       0.00000
     -22.53070       0.00000
     -22.50570       0.00000
     -22.48170       0.00000
     -22.45670       0.00000
     -22.43170       0.00000
     -22.40670       0.00000
     -22.38170       0.00000
     -22.35670       0.00000
     -22.33170       0.00000
     -22.30670       0.00000
     -22.28170       0.00000
     -22.25670       0.00000
     -22.23170       0.00000
     -22.20670       0.00000
     -22.18270       0.00000
     -22.15770       0.00000
     -22.13270       0.00000
     -22.10770       0.00000
     -22.08270       0.00000
     -22.05770       0.00000
     -22.03270       0.00000
     -22.00770       0.00000
     -21.98270       0.00000
     -21.95770       0.00000
     -21.93270       0.00000
     -21.90770       0.00000
     -21.88370       0.00000
     -21.85870       0.00000
     -21.83370       0.00000
     -21.80870       0.00000
     -21.78370       0.00000
     -21.75870       0.00000
     -21.73370       0.00000
     -21.70870       0.00000
     -21.68370       0.00000
     -21.65870       0.00000
     -21.63370       0.00000
     -21.60870       0.00000
     -21.58470       0.00000
     -21.55970       0.00000
     -21.53470       0.00000
     -21.50970       0.00000
     -21.48470       0.00000
     -21.45970       0.00000
     -21.43470       0.00000
     -21.40970       0.00000
     -21.38470       0.00000
     -21.35970       0.00000
     -21.33470       0.00000
     -21.30970       0.00000
     -21.28570       0.00000
     -21.26070       0.00000
     -21.23570       0.00000
     -21.21070       0.00000
     -21.18570       0.00000
     -21.16070       0.00000
     -21.13570       0.00000
     -21.11070       0.00000
     -21.08570       0.00000
     -21.06070       0.00000
     -21.03570       0.00000
     -21.01070       0.00000
     -20.98670       0.00000
     -20.96170       0.00000
     -20.93670       0.00000
     -20.91170       0.00000
     -20.88670       0.00000
     -20.86170       0.00000
     -20.83670       0.00000
     -20.81170       0.00000
     -20.78670       0.00000
     -20.76170       0.00000
     -20.73670       0.00000
     -20.71170       0.00000
     -20.68770       0.00000
     -20.66270       0.00000
     -20.63770       0.00000
     -20.61270       0.00000
     -20.58770       0.00000
     -20.56270       0.00000
     -20.53770       0.00000
     -20.51270       0.00000
     -20.48770       0.00000
     -20.46270       0.00000
     -20.43770       0.00000
     -20.41270       0.00000
     -20.38870       0.00000
     -20.36370       0.00000
     -20.33870       0.00000
     -20.31370       0.00000
     -20.28870       0.00000
     -20.26370       0.00000
     -20.23870       0.00000
     -20.21370       0.00000
     -20.18870       0.00000
     -20.16370       0.00000
     -20.13870       0.00000
     -20.11370       0.00000
     -20.08970       0.00000
     -20.06470       0.00000
     -20.03970       0.00000
     -20.01470       0.00000
     -19.98970       0.00000
     -19.96470       0.00000
     -19.93970       0.00000
     -19.91470       0.00000
     -19.88970       0.00000
     -19.86470       0.00000
     -19.83970       0.00000
     -19.81470       0.00000
     -19.79070       0.00000
     -19.76570       0.00000
     -19.74070       0.00000
     -19.71570       0.00000
     -19.69070       0.00000
     -19.66570       0.00000
     -19.64070       0.00000
     -19.61570       0.00000
     -19.59070       0.00000
     -19.56570       0.00000
     -19.54070       0.00000
     -19.51570       0.00000
     -19.49170       0.00000
     -19.46670       0.00000
     -19.44170       0.00000
     -19.41670       0.00000
     -19.39170       0.00000
     -19.36670       0.00000
     -19.34170       0.00000
     -19.31670       0.00000
     -19.29170       0.00000
     -19.26670       0.00000
     -19.24170       0.00000
     -19.21670       0.00000
     -19.19270       0.00000
     -19.16770       0.00000
     -19.14270       0.00000
     -19.11770       0.00000
     -19.09270       0.00000
     -19.06770       0.00000
     -19.04270       0.00000
     -19.01770       0.00000
     -18.99270       0.00000
     -18.96770       0.00000
     -18.94270       0.00000
     -18.91770       0.00000
     -18.89370       0.00000
     -18.86870       0.00000
     -18.84370       0.00000
     -18.81870       0.00000
     -18.79370       0.00000
     -18.76870       0.00000
     -18.74370       0.00000
     -18.71870       0.00000
     -18.69370       0.00000
     -18.66870       0.00000
     -18.64370       0.00000
     -18.61870       0.00000
     -18.59470       0.00000
     -18.56970       0.00000
     -18.54470       0.00000
     -18.51970       0.00000
     -18.49470       0.00000
     -18.46970       0.00000
     -18.44470       0.00000
     -18.41970       0.00000
     -18.39470       0.00000
     -18.36970       0.00000
     -18.34470       0.00000
     -18.31970       0.00000
     -18.29570       0.00000
     -18.27070       0.00000
     -18.24570       0.00000
     -18.22070       0.00000
     -18.19570       0.00000
     -18.17070       0.00000
     -18.14570       0.00000
     -18.12070       0.00000
     -18.09570       0.00000
     -18.07070       0.00000
     -18.04570       0.00000
     -18.02070       0.00000
     -17.99570       0.00000
     -17.97170       0.00000
     -17.94670       0.00000
     -17.92170       0.00000
     -17.89670       0.00000
     -17.87170       0.00000
     -17.84670       0.00000
     -17.82170       0.00000
     -17.79670       0.00000
     -17.77170       0.00000
     -17.74670       0.00000
     -17.72170       0.00000
     -17.69670       0.00000
     -17.67270       0.00000
     -17.64770       0.00000
     -17.62270       0.00000
     -17.59770       0.00000
     -17.57270       0.00000
     -17.54770       0.00000
     -17.52270       0.00000
     -17.49770       0.00000
     -17.47270       0.00000
     -17.44770       0.00000
     -17.42270       0.00000
     -17.39770       0.00000
     -17.37370       0.00000
     -17.34870       0.00000
     -17.32370       0.00000
     -17.29870       0.00000
     -17.27370       0.00000
     -17.24870       0.00000
     -17.22370       0.00000
     -17.19870       0.00000
     -17.17370       0.00000
     -17.14870       0.00000
     -17.12370       0.00000
     -17.09870       0.00000
     -17.07470       0.00000
     -17.04970       0.00000
     -17.02470       0.00000
     -16.99970       0.00000
     -16.97470       0.00000
     -16.94970       0.00000
     -16.92470       0.00000
     -16.89970       0.00000
     -16.87470       0.00000
     -16.84970       0.00000
     -16.82470       0.00000
     -16.79970       0.00000
     -16.77570       0.00000
     -16.75070       0.00000
     -16.72570       0.00000
     -16.70070       0.00000
     -16.67570       0.00000
     -16.65070       0.00000
     -16.62570       0.00000
     -16.60070       0.00000
     -16.57570       0.00000
     -16.55070       0.00000
     -16.52570       0.00000
     -16.50070       0.00000
     -16.47670       0.00000
     -16.45170       0.00000
     -16.42670       0.00000
     -16.40170       0.00000
     -16.37670       0.00000
     -16.35170       0.00000
     -16.32670       0.00000
     -16.30170       0.00000
     -16.27670       0.00000
     -16.25170       0.00000
     -16.22670       0.00000
     -16.20170       0.00000
     -16.17770       0.00000
     -16.15270       0.00000
     -16.12770       0.00000
     -16.10270       0.00000
     -16.07770       0.00000
     -16.05270       0.00000
     -16.02770       0.00000
     -16.00270       0.00000
     -15.97770       0.00000
     -15.95270       0.00000
     -15.92770       0.00000
     -15.90270       0.00000
     -15.87870       0.00000
     -15.85370       0.00000
     -15.82870       0.00000
     -15.80370       0.00000
     -15.77870       0.00000
     -15.75370       0.00000
     -15.72870       0.00000
     -15.70370       0.00000
     -15.67870       0.00000
     -15.65370       0.00000
     -15.62870       0.00000
     -15.60370       0.00000
     -15.57970       0.00000
     -15.55470       0.00000
     -15.52970       0.00000
     -15.50470       0.00000
     -15.47970       0.00000
     -15.45470       0.00000
     -15.42970       0.00000
     -15.40470       0.00000
     -15.37970       0.00000
     -15.35470       0.00000
     -15.32970       0.00000
     -15.30470       0.00000
     -15.28070       0.00000
     -15.25570       0.00000
     -15.23070       0.00000
     -15.20570       0.00000
     -15.18070       0.00000
     -15.15570       0.00000
     -15.13070       0.00000
     -15.10570       0.00000
     -15.08070       0.00000
     -15.05570       0.00000
     -15.03070       0.00000
     -15.00570       0.00000
     -14.98170       0.00000
     -14.95670       0.00000
     -14.93170       0.00000
     -14.90670       0.00000
     -14.88170       0.00000
     -14.85670       0.00000
     -14.83170       0.00000
     -14.80670       0.00000
     -14.78170       0.00000
     -14.75670       0.00000
     -14.73170       0.00000
     -14.70670       0.00000
     -14.68270       0.00000
     -14.65770       0.00000
     -14.63270       0.00000
     -14.60770       0.00000
     -14.58270       0.00000
     -14.55770       0.00000
     -14.53270       0.00000
     -14.50770       0.00000
     -14.48270       0.00000
     -14.45770       0.00000
     -14.43270       0.00000
     -14.40770       0.00000
     -14.38370       0.00000
     -14.35870       0.00000
     -14.33370       0.00000
     -14.30870       0.00000
     -14.28370       0.00000
     -14.25870       0.00000
     -14.23370       0.00000
     -14.20870       0.00000
     -14.18370       0.00000
     -14.15870       0.00000
     -14.13370       0.00000
     -14.10870       0.00000
     -14.08470       0.00000
     -14.05970       0.00000
     -14.03470       0.00000
     -14.00970       0.00000
     -13.98470       0.00000
     -13.95970       0.00000
     -13.93470       0.00000
     -13.90970       0.00000
     -13.88470       0.00000
     -13.85970       0.00000
     -13.83470       0.00000
     -13.80970       0.00000
     -13.78570       0.00000
     -13.76070       0.00000
     -13.73570       0.00000
     -13.71070       0.00000
     -13.68570       0.00000
     -13.66070       0.00000
     -13.63570       0.00000
     -13.61070       0.00000
     -13.58570       0.00000
     -13.56070       0.00000
     -13.53570       0.00000
     -13.51070       0.00000
     -13.48670       0.00000
     -13.46170       0.00000
     -13.43670       0.00000
     -13.41170       0.00000
     -13.38670       0.00000
     -13.36170       0.00000
     -13.33670       0.00000
     -13.31170       0.00000
     -13.28670       0.00000
     -13.26170       0.00000
     -13.23670       0.00000
     -13.21170       0.00000
     -13.18770       0.00000
     -13.16270       0.00000
     -13.13770       0.00000
     -13.11270       0.00000
     -13.08770       0.00000
     -13.06270       0.00000
     -13.03770       0.00000
     -13.01270       0.00000
     -12.98770       0.00000
     -12.96270       0.00000
     -12.93770       0.00000
     -12.91270       0.00000
     -12.88870       0.00000
     -12.86370       0.00000
     -12.83870       0.00000
     -12.81370       0.00000
     -12.78870       0.00000
     -12.76370       0.00000
     -12.73870       0.00000
     -12.71370       0.00000
     -12.68870       0.00000
     -12.66370       0.00000
     -12.63870       0.00000
     -12.61370       0.00000
     -12.58970       0.00000
     -12.56470       0.00000
     -12.53970       0.00000
     -12.51470       0.00000
     -12.48970       0.00000
     -12.46470       0.00000
     -12.43970       0.00000
     -12.41470       0.00000
     -12.38970       0.05443
     -12.36470       0.23407
     -12.33970       0.55525
     -12.31470       1.06405
     -12.29070       1.71126
     -12.26570       2.50399
     -12.24070       3.44398
     -12.21570       4.09381
     -12.19070       5.07927
     -12.16570       5.89655
     -12.14070       5.89655
     -12.11570       6.08355
     -12.09070       6.66075
     -12.06570       7.36677
     -12.04070       8.16124
     -12.01570       9.33171
     -11.99170      10.45185
     -11.96670      11.28556
     -11.94170      12.42875
     -11.91670      13.82696
     -11.89170      15.18953
     -11.86670      16.54102
     -11.84170      17.48899
     -11.81670      17.91693
     -11.79170      18.73284
     -11.76670      19.81024
     -11.74170      20.38943
     -11.71670      20.68301
     -11.69270      21.94312
     -11.66770      23.64768
     -11.64270      24.82039
     -11.61770      25.78219
     -11.59270      27.16096
     -11.56770      28.55281
     -11.54270      29.29085
     -11.51770      30.63910
     -11.49270      32.59258
     -11.46770      33.87829
     -11.44270      34.71263
     -11.41770      35.71317
     -11.39370      36.91516
     -11.36870      38.18504
     -11.34370      39.57466
     -11.31870      41.23948
     -11.29370      42.49392
     -11.26870      44.60799
     -11.24370      46.96811
     -11.21870      48.52105
     -11.19370      49.76478
     -11.16870      50.98309
     -11.14370      52.67818
     -11.11870      54.38349
     -11.09470      56.33547
     -11.06970      58.33393
     -11.04470      59.74123
     -11.01970      60.64248
     -10.99470      62.20165
     -10.96970      64.08324
     -10.94470      65.51696
     -10.91970      67.67351
     -10.89470      70.85290
     -10.86970      73.34421
     -10.84470      75.31389
     -10.81970      77.78003
     -10.79570      79.57043
     -10.77070      80.29414
     -10.74570      80.48265
     -10.72070      81.79740
     -10.69570      83.09183
     -10.67070      84.32297
     -10.64570      87.05536
     -10.62070      89.90584
     -10.59570      92.72518
     -10.57070      95.45981
     -10.54570      97.97392
     -10.52070     103.07564
     -10.49670     108.60843
     -10.47170     113.42984
     -10.44670     118.73962
     -10.42170     124.25870
     -10.39670     129.77031
     -10.37170     133.36581
     -10.34670     137.30765
     -10.32170     139.81554
     -10.29670     140.50573
     -10.27170     142.31457
     -10.24670     144.27951
     -10.22170     146.45887
     -10.19770     148.65093
     -10.17270     151.38991
     -10.14770     153.26989
     -10.12270     153.26989
     -10.09770     153.26989
     -10.07270     153.26989
     -10.04770     153.26989
     -10.02270     153.26989
      -9.99770     153.26989
      -9.97270     153.26989
      -9.94770     153.26989
      -9.92270     153.26989
      -9.89870     153.26989
      -9.87370     153.26989
      -9.84870     153.26989
      -9.82370     153.26989
      -9.79870     153.26989
      -9.77370     153.26989
      -9.74870     153.26989
      -9.72370     153.26989
      -9.69870     153.26989
      -9.67370     153.26989
      -9.64870     153.26989
      -9.62370     153.26989
      -9.59970     153.26989
      -9.57470     153.26989
      -9.54970     153.26989
      -9.52470     153.26989
      -9.49970     153.26989
      -9.47470     153.26989
      -9.44970     153.26989
      -9.42470     153.26989
      -9.39970     153.26989
      -9.37470     153.26989
      -9.34970     153.26989
      -9.32470     153.26989
      -9.30070     153.26989
      -9.27570     153.26989
      -9.25070     153.26989
      -9.22570     153.26989
      -9.20070     153.94551
      -9.17570     155.05493
      -9.15070     155.56037
      -9.12570     156.64089
      -9.10070     158.52958
      -9.07570     159.76509
      -9.05070     160.75453
      -9.02570     164.72092
      -9.00170     169.58594
      -8.97670     171.94133
      -8.95170     173.62446
      -8.92670     175.48226
      -8.90170     176.97254
      -8.87670     178.02004
      -8.85170     178.88989
      -8.82670     180.07817
      -8.80170     181.64083
      -8.77670     182.73431
      -8.75170     183.84921
      -8.72670     185.25402
      -8.70270     186.60402
      -8.67770     187.84450
      -8.65270     188.86697
      -8.62770     189.96094
      -8.60270     193.08128
      -8.57770     195.54555
      -8.55270     195.82263
      -8.52770     196.93218
      -8.50270     199.11639
      -8.47770     201.13553
      -8.45270     202.38971
      -8.42770     203.18195
      -8.40370     204.86869
      -8.37870     206.90315
      -8.35370     209.41602
      -8.32870     211.74948
      -8.30370     212.59429
      -8.27870     213.55944
      -8.25370     214.86371
      -8.22870     216.26665
      -8.20370     217.59510
      -8.17870     218.78600
      -8.15370     219.79675
      -8.12870     220.90443
      -8.10470     221.64408
      -8.07970     221.92631
      -8.05470     222.61218
      -8.02970     223.57683
      -8.00470     225.26470
      -7.97970     226.79410
      -7.95470     227.25045
      -7.92970     228.43662
      -7.90470     229.53047
      -7.87970     229.75195
      -7.85470     230.71235
      -7.82970     231.78738
      -7.80570     232.50848
      -7.78070     233.28825
      -7.75570     234.00511
      -7.73070     234.84942
      -7.70570     235.68388
      -7.68070     236.57840
      -7.65570     237.39218
      -7.63070     238.13420
      -7.60570     238.83113
      -7.58070     239.55446
      -7.55570     239.94242
      -7.53070     239.94242
      -7.50670     240.42506
      -7.48170     241.20957
      -7.45670     241.77954
      -7.43170     242.39623
      -7.40670     243.00109
      -7.38170     243.51662
      -7.35670     243.93659
      -7.33170     244.15957
      -7.30670     244.22184
      -7.28170     244.22184
      -7.25670     244.22184
      -7.23170     244.22184
      -7.20770     245.13953
      -7.18270     246.05721
      -7.15770     246.16089
      -7.13270     246.47699
      -7.10770     246.92362
      -7.08270     247.37798
      -7.05770     247.72869
      -7.03270     248.25518
      -7.00770     249.10272
      -6.98270     249.70858
      -6.95770     249.86304
      -6.93270     249.86327
      -6.90870     249.86327
      -6.88370     249.86327
      -6.85870     249.86327
      -6.83370     249.86327
      -6.80870     249.86327
      -6.78370     249.86327
      -6.75870     249.86327
      -6.73370     249.86327
      -6.70870     249.86327
      -6.68370     249.86327
      -6.65870     249.86327
      -6.63370     249.86327
      -6.60870     249.86327
      -6.58470     249.86327
      -6.55970     249.86327
      -6.53470     249.86327
      -6.50970     249.86327
      -6.48470     249.86327
      -6.45970     249.86327
      -6.43470     249.86327
      -6.40970     249.86327
      -6.38470     249.86327
      -6.35970     249.86327
      -6.33470     249.86327
      -6.30970     249.86327
      -6.28570     249.86327
      -6.26070     249.86327
      -6.23570     249.86327
      -6.21070     249.86327
      -6.18570     249.86327
      -6.16070     249.86327
      -6.13570     249.86327
      -6.11070     249.86327
      -6.08570     249.86327
      -6.06070     249.86327
      -6.03570     249.86327
      -6.01070     249.86327
      -5.98670     249.86327
      -5.96170     249.86327
      -5.93670     249.86327
      -5.91170     249.86327
      -5.88670     249.86327
      -5.86170     249.86327
      -5.83670     249.86327
      -5.81170     249.86327
      -5.78670     249.86327
      -5.76170     249.86327
      -5.73670     249.86327
      -5.71170     249.86327
      -5.68770     249.86327
      -5.66270     249.86327
      -5.63770     249.86327
      -5.61270     249.86327
      -5.58770     249.86327
      -5.56270     249.86327
      -5.53770     249.86327
      -5.51270     249.86327
      -5.48770     249.86327
      -5.46270     249.86327
      -5.43770     249.86327
      -5.41270     249.86327
      -5.38870     249.86327
      -5.36370     249.86327
      -5.33870     249.86327
      -5.31370     249.86327
      -5.28870     249.86327
      -5.26370     249.86327
      -5.23870     249.86327
      -5.21370     249.86327
      -5.18870     249.86327
      -5.16370     249.86327
      -5.13870     249.86327
      -5.11370     249.86327
      -5.08970     249.86327
      -5.06470     249.86327
      -5.03970     249.86327
      -5.01470     249.86327
      -4.98970     249.86327
      -4.96470     249.86327
      -4.93970     249.86327
      -4.91470     249.86327
      -4.88970     249.86327
      -4.86470     249.86327
      -4.83970     249.86327
      -4.81470     249.86327
      -4.79070     249.86327
      -4.76570     249.86327
      -4.74070     250.35127
      -4.71570     251.21638
      -4.69070     252.36679
      -4.66570     253.76886
      -4.64070     254.75071
      -4.61570     255.89900
      -4.59070     257.20851
      -4.56570     258.32678
      -4.54070     259.08923
      -4.51570     259.62183
      -4.49170     260.34080
      -4.46670     261.83756
      -4.44170     263.13560
      -4.41670     264.20267
      -4.39170     265.44564
      -4.36670     266.16499
      -4.34170     267.14759
      -4.31670     267.73289
      -4.29170     268.34846
      -4.26670     268.96403
      -4.24170     269.53525
      -4.21670     270.54475
      -4.19270     271.95081
      -4.16770     273.84711
      -4.14270     275.35993
      -4.11770     276.98588
      -4.09270     278.67911
      -4.06770     280.18832
      -4.04270     281.61531
      -4.01770     283.55758
      -3.99270     285.66454
      -3.96770     287.40187
      -3.94270     289.34065
      -3.91770     291.81851
      -3.89370     294.82597
      -3.86870     296.87326
      -3.84370     298.28742
      -3.81870     299.56241
      -3.79370     300.58102
      -3.76870     302.56440
      -3.74370     304.48461
      -3.71870     306.86704
      -3.69370     309.72575
      -3.66870     311.55315
      -3.64370     313.53466
      -3.61870     315.55330
      -3.59470     317.46554
      -3.56970     320.32089
      -3.54470     322.75103
      -3.51970     325.28333
      -3.49470     328.77169
      -3.46970     332.02334
      -3.44470     334.30871
      -3.41970     335.82702
      -3.39470     338.50097
      -3.36970     341.09893
      -3.34470     344.27620
      -3.31970     348.91322
      -3.29570     352.24772
      -3.27070     354.80979
      -3.24570     357.56796
      -3.22070     360.28751
      -3.19570     363.69240
      -3.17070     366.73724
      -3.14570     369.40459
      -3.12070     372.16276
      -3.09570     373.50729
      -3.07070     377.79835
      -3.04570     382.95726
      -3.02070     385.46502
      -2.99670     388.37531
      -2.97170     390.77816
      -2.94670     393.20967
      -2.92170     396.95218
      -2.89670     404.49700
      -2.87170     411.51608
      -2.84670     414.92471
      -2.82170     418.14521
      -2.79670     420.93378
      -2.77170     423.52426
      -2.74670     429.13304
      -2.72170     435.18285
      -2.69770     438.84314
      -2.67270     441.71891
      -2.64770     443.92331
      -2.62270     446.26051
      -2.59770     448.99999
      -2.57270     452.20056
      -2.54770     455.72380
      -2.52270     459.36291
      -2.49770     462.75783
      -2.47270     466.73331
      -2.44770     470.12885
      -2.42270     472.85413
      -2.39870     475.90271
      -2.37370     478.46217
      -2.34870     481.53865
      -2.32370     483.82627
      -2.29870     486.03415
      -2.27370     488.84776
      -2.24870     491.69252
      -2.22370     494.81834
      -2.19870     497.18307
      -2.17370     499.28331
      -2.14870     501.85186
      -2.12370     504.60717
      -2.09970     506.90039
      -2.07470     509.68747
      -2.04970     512.44800
      -2.02470     514.01079
      -1.99970     515.96252
      -1.97470     518.39964
      -1.94970     520.51894
      -1.92470     522.49348
      -1.89970     523.67030
      -1.87470     525.97710
      -1.84970     529.51280
      -1.82470     534.48122
      -1.80070     539.17680
      -1.77570     542.38360
      -1.75070     544.93048
      -1.72570     546.74430
      -1.70070     549.57685
      -1.67570     552.62293
      -1.65070     554.85399
      -1.62570     557.32300
      -1.60070     560.22332
      -1.57570     562.55603
      -1.55070     564.93858
      -1.52570     567.74547
      -1.50170     569.80908
      -1.47670     572.18415
      -1.45170     574.65366
      -1.42670     576.87151
      -1.40170     580.05339
      -1.37670     583.75230
      -1.35170     587.19581
      -1.32670     590.11855
      -1.30170     593.51223
      -1.27670     596.87725
      -1.25170     600.39301
      -1.22670     605.76509
      -1.20270     611.00385
      -1.17770     615.29952
      -1.15270     621.58106
      -1.12770     627.28826
      -1.10270     629.66221
      -1.07770     632.96183
      -1.05270     637.06439
      -1.02770     639.21459
      -1.00270     641.74601
      -0.97770     646.25721
      -0.95270     649.84125
      -0.92770     652.12463
      -0.90370     655.16448
      -0.87870     658.42485
      -0.85370     661.65158
      -0.82870     664.68646
      -0.80370     668.19973
      -0.77870     671.91857
      -0.75370     674.99082
      -0.72870     677.66440
      -0.70370     681.07053
      -0.67870     684.80930
      -0.65370     688.48454
      -0.62870     692.22580
      -0.60470     695.71790
      -0.57970     699.18632
      -0.55470     702.46414
      -0.52970     705.60864
      -0.50470     708.53014
      -0.47970     711.08325
      -0.45470     714.04623
      -0.42970     716.72641
      -0.40470     719.03284
      -0.37970     722.03034
      -0.35470     725.23465
      -0.32970     728.04315
      -0.30570     731.11328
      -0.28070     734.54557
      -0.25570     737.39232
      -0.23070     740.48201
      -0.20570     743.46718
      -0.18070     746.48722
      -0.15570     748.98563
      -0.13070     750.36366
      -0.10570     751.89231
      -0.08070     753.06701
      -0.05570     754.47033
      -0.03070     756.00135
      -0.00670     756.53594
       0.01830     756.53594
       0.04330     756.53594
       0.06830     756.53594
       0.09330     756.53594
       0.11830     756.53594
       0.14330     756.53594
       0.16830     756.53594
       0.19330     756.53594
       0.21830     756.53594
       0.24330     756.53594
       0.26830     756.53594
       0.29230     756.53594
       0.31730     756.53594
       0.34230     756.53594
       0.36730     756.53594
       0.39230     756.53594
       0.41730     756.53594
       0.44230     756.53594
       0.46730     756.53594
       0.49230     756.53594
       0.51730     756.53594
       0.54230     756.53594
       0.56730     756.53594
       0.59130     756.53594
       0.61630     756.53594
       0.64130     756.77265
       0.66630     757.53049
       0.69130     758.40744
       0.71630     759.39228
       0.74130     760.13833
       0.76630     760.96772
       0.79130     761.68010
       0.81630     762.52104
       0.84130     763.36198
       0.86630     764.16941
       0.89030     765.19898
       0.91530     766.35649
       0.94030     767.57144
       0.96530     768.62342
       0.99030     770.06275
       1.01530     771.43878
       1.04030     772.82740
       1.06530     773.88350
       1.09030     774.64707
       1.11530     775.26588
       1.14030     777.16218
       1.16530     779.13572
       1.18930     781.07188
       1.21430     783.65975
       1.23930     785.38499
       1.26430     787.72169
       1.28930     790.35540
       1.31430     793.04518
       1.33930     795.48715
       1.36430     796.58810
       1.38930     797.60321
       1.41430     798.89191
       1.43930     800.81076
       1.46430     802.61910
       1.48830     804.69903
       1.51330     807.36601
       1.53830     809.04528
       1.56330     810.50030
       1.58830     812.53364
       1.61330     814.92703
       1.63830     817.86310
       1.66330     820.64457
       1.68830     823.30768
       1.71330     826.94305
       1.73830     829.79877
       1.76330     833.18522
       1.78730     836.97757
       1.81230     839.11668
       1.83730     843.87829
       1.86230     848.79014
       1.88730     850.50467
       1.91230     852.07780
       1.93730     854.01521
       1.96230     858.94874
       1.98730     863.74810
       2.01230     868.83400
       2.03730     874.47020
       2.06230     876.88053
       2.08630     881.29168
       2.11130     884.76883
       2.13630     886.32862
       2.16130     889.23019
       2.18630     892.65003
       2.21130     895.98141
       2.23630     898.68613
       2.26130     901.03928
       2.28630     903.64160
       2.31130     907.11002
       2.33630     909.83293
       2.36130     912.56083
       2.38530     915.64055
       2.41030     916.94744
       2.43530     916.94744
       2.46030     916.94744
       2.48530     916.94744
       2.51030     916.94744
       2.53530     916.94744
       2.56030     916.94744
       2.58530     916.94744
       2.61030     916.94744
       2.63530     916.94744
       2.66030     916.94744
       2.68430     916.94744
       2.70930     916.94744
       2.73430     916.94744
       2.75930     916.94744
       2.78430     916.94744
       2.80930     916.94744
       2.83430     916.94744
       2.85930     916.94744
       2.88430     916.94744
       2.90930     916.94744
       2.93430     916.94744
       2.95930     916.94744
       2.98330     916.94744
       3.00830     916.94744
       3.03330     916.94744
       3.05830     916.94744
       3.08330     916.94744
       3.10830     916.94744
       3.13330     916.94744
       3.15830     916.94744
       3.18330     916.94744
       3.20830     916.94744
       3.23330     916.94744
       3.25830     916.94744
       3.28230     916.94744
       3.30730     916.94744
       3.33230     916.94744
       3.35730     916.94744
       3.38230     916.94744
       3.40730     916.94744
       3.43230     916.94744
       3.45730     916.94744
       3.48230     916.94744
       3.50730     916.94744
       3.53230     916.94744
       3.55730     916.94744
       3.58130     916.94744
       3.60630     916.94744
       3.63130     916.94744
       3.65630     916.94744
       3.68130     916.94744
       3.70630     916.94744
       3.73130     916.94744
       3.75630     916.94744
       3.78130     916.94744
       3.80630     916.94744
       3.83130     916.94744
       3.85630     916.94744
       3.88030     916.94744
       3.90530     916.94744
       3.93030     916.94744
       3.95530     916.94744
       3.98030     916.94744
       4.00530     916.94744
       4.03030     916.94744
       4.05530     916.94744
       4.08030     916.94744
       4.10530     916.94744
       4.13030     916.94744
       4.15530     916.94744
       4.17930     916.94744
       4.20430     916.94744
       4.22930     916.94744
       4.25430     916.94744
       4.27930     916.94744
       4.30430     916.94744
       4.32930     916.94744
       4.35430     916.94744
       4.37930     916.94744
       4.40430     916.94744
       4.42930     916.94744
       4.45430     916.94744
       4.47830     916.94744
       4.50330     916.94744
       4.52830     916.94744
       4.55330     916.94744
       4.57830     916.94744
       4.60330     916.94744
       4.62830     916.94744
       4.65330     916.94744
