      #Energy        TDOS
     -45.18070       0.00000
     -45.15570       0.00000
     -45.13070       0.00000
     -45.10570       0.00000
     -45.08070       0.00000
     -45.05570       0.00000
     -45.03070       0.00000
     -45.00570       0.00000
     -44.98070       0.00000
     -44.95670       0.00000
     -44.93170       0.00000
     -44.90670       0.00000
     -44.88170       0.00000
     -44.85670       0.00000
     -44.83170       0.00000
     -44.80670       0.00000
     -44.78170       0.00000
     -44.75670       0.00000
     -44.73170       0.00000
     -44.70670       0.00000
     -44.68170       0.00000
     -44.65770       0.00000
     -44.63270       0.00000
     -44.60770       0.00000
     -44.58270       0.00000
     -44.55770       0.00000
     -44.53270       0.00000
     -44.50770       0.00000
     -44.48270       0.00000
     -44.45770       0.00000
     -44.43270       0.00000
     -44.40770       0.00000
     -44.38270       0.00000
     -44.35870       0.00000
     -44.33370       0.00000
     -44.30870       0.00000
     -44.28370       0.00000
     -44.25870       0.00000
     -44.23370       0.00000
     -44.20870       0.00000
     -44.18370       0.00000
     -44.15870       0.00000
     -44.13370       0.00000
     -44.10870       0.00000
     -44.08370       0.00000
     -44.05970       0.00000
     -44.03470       0.00000
     -44.00970       0.00000
     -43.98470       0.00000
     -43.95970       0.00000
     -43.93470       0.00000
     -43.90970       0.00000
     -43.88470       0.00000
     -43.85970       0.00000
     -43.83470       0.00000
     -43.80970       0.00000
     -43.78470       0.00000
     -43.76070       0.00000
     -43.73570       0.00000
     -43.71070       0.00000
     -43.68570       0.00000
     -43.66070       0.00000
     -43.63570       0.00000
     -43.61070       0.00000
     -43.58570       0.00000
     -43.56070       0.00000
     -43.53570       0.00000
     -43.51070       0.00000
     -43.48570       0.00000
     -43.46170       0.00000
     -43.43670       0.00000
     -43.41170       0.00000
     -43.38670       0.00000
     -43.36170       0.00000
     -43.33670       0.00000
     -43.31170       0.00000
     -43.28670       0.00000
     -43.26170       0.00000
     -43.23670       0.00000
     -43.21170       0.00000
     -43.18670       0.00000
     -43.16270       0.00000
     -43.13770       0.00000
     -43.11270       0.00000
     -43.08770       0.00000
     -43.06270       0.00000
     -43.03770       0.00000
     -43.01270       0.00000
     -42.98770       0.00000
     -42.96270       0.00000
     -42.93770       0.00000
     -42.91270       0.00000
     -42.88770       0.00000
     -42.86370       0.00000
     -42.83870       0.00000
     -42.81370       0.00000
     -42.78870       0.00000
     -42.76370       0.00000
     -42.73870       0.00000
     -42.71370       0.00000
     -42.68870       0.00000
     -42.66370       0.00000
     -42.63870       0.00000
     -42.61370       0.00000
     -42.58870       0.00000
     -42.56470       0.00000
     -42.53970       0.00000
     -42.51470       0.00000
     -42.48970       0.00000
     -42.46470       0.00000
     -42.43970       0.00000
     -42.41470       0.00000
     -42.38970       0.00000
     -42.36470       0.00000
     -42.33970       0.00000
     -42.31470       0.00000
     -42.28970       0.00000
     -42.26570       0.00000
     -42.24070       0.00000
     -42.21570       0.00000
     -42.19070       0.00000
     -42.16570       0.00000
     -42.14070       0.00000
     -42.11570       0.00000
     -42.09070       0.00000
     -42.06570       0.00000
     -42.04070       0.00000
     -42.01570       0.00000
     -41.99070       0.00000
     -41.96670       0.00000
     -41.94170       0.00000
     -41.91670       0.00000
     -41.89170       0.00000
     -41.86670       0.00000
     -41.84170       0.00000
     -41.81670       0.00000
     -41.79170       0.00000
     -41.76670       0.00000
     -41.74170       0.00000
     -41.71670       0.00000
     -41.69170       0.00000
     -41.66770       0.00000
     -41.64270       0.00000
     -41.61770       0.00000
     -41.59270       0.00000
     -41.56770       0.00000
     -41.54270       0.00000
     -41.51770       0.00000
     -41.49270       0.00000
     -41.46770       0.00000
     -41.44270       0.00000
     -41.41770       0.00000
     -41.39270       0.00000
     -41.36870       0.00000
     -41.34370       0.00000
     -41.31870       0.00000
     -41.29370       0.00000
     -41.26870       0.00000
     -41.24370       0.00000
     -41.21870       0.00000
     -41.19370       0.00000
     -41.16870       0.00000
     -41.14370       0.00000
     -41.11870       0.00000
     -41.09370       0.00000
     -41.06870       0.00000
     -41.04470       0.00000
     -41.01970       0.00000
     -40.99470       0.00000
     -40.96970       0.00000
     -40.94470       0.00000
     -40.91970       0.00000
     -40.89470       0.00000
     -40.86970       0.00000
     -40.84470       0.00000
     -40.81970       0.00000
     -40.79470       0.00000
     -40.76970       0.00000
     -40.74570       0.00000
     -40.72070       0.00000
     -40.69570       0.00000
     -40.67070       0.00000
     -40.64570       0.00000
     -40.62070       0.00000
     -40.59570       0.00000
     -40.57070       0.00000
     -40.54570       0.00000
     -40.52070       0.00000
     -40.49570       0.00000
     -40.47070       0.00000
     -40.44670       0.00000
     -40.42170       0.00000
     -40.39670       0.00000
     -40.37170       0.00000
     -40.34670       0.00000
     -40.32170       0.00000
     -40.29670       0.00000
     -40.27170       0.00000
     -40.24670       0.00000
     -40.22170       0.00000
     -40.19670       0.00000
     -40.17170       0.00000
     -40.14770       0.00000
     -40.12270       0.00000
     -40.09770       0.00000
     -40.07270       0.00000
     -40.04770       0.00000
     -40.02270       0.00000
     -39.99770       0.00000
     -39.97270       0.00000
     -39.94770       0.00000
     -39.92270       0.00000
     -39.89770       0.00000
     -39.87270       0.00000
     -39.84870       0.00000
     -39.82370       0.00000
     -39.79870       0.00000
     -39.77370       0.00000
     -39.74870       0.00000
     -39.72370       0.00000
     -39.69870       0.00000
     -39.67370       0.00000
     -39.64870       0.00000
     -39.62370       0.00000
     -39.59870       0.00000
     -39.57370       0.00000
     -39.54970       0.00000
     -39.52470       0.00000
     -39.49970       0.00000
     -39.47470       0.00000
     -39.44970       0.00000
     -39.42470       0.00000
     -39.39970       0.00000
     -39.37470       0.00000
     -39.34970       0.00000
     -39.32470       0.00000
     -39.29970       0.00000
     -39.27470       0.00000
     -39.25070       0.00000
     -39.22570       0.00000
     -39.20070       0.00000
     -39.17570       0.00000
     -39.15070       0.00000
     -39.12570       0.00000
     -39.10070       0.00000
     -39.07570       0.00000
     -39.05070       0.00000
     -39.02570       0.00000
     -39.00070       0.00000
     -38.97570       0.00000
     -38.95170       0.00000
     -38.92670       0.00000
     -38.90170       0.00000
     -38.87670       0.00000
     -38.85170       0.00000
     -38.82670       0.00000
     -38.80170       0.00000
     -38.77670       0.00000
     -38.75170       0.00000
     -38.72670       0.00000
     -38.70170       0.00000
     -38.67670       0.00000
     -38.65270       0.00000
     -38.62770       0.00000
     -38.60270       0.00000
     -38.57770       0.00000
     -38.55270       0.00000
     -38.52770       0.00000
     -38.50270       0.00000
     -38.47770       0.00000
     -38.45270       0.00000
     -38.42770       0.00000
     -38.40270       0.00000
     -38.37770       0.00000
     -38.35370       0.00000
     -38.32870       0.00000
     -38.30370       0.00000
     -38.27870       0.00000
     -38.25370       0.00000
     -38.22870       0.00000
     -38.20370       0.00000
     -38.17870       0.00000
     -38.15370       0.00000
     -38.12870       0.00000
     -38.10370       0.00000
     -38.07870       0.00000
     -38.05470       0.00000
     -38.02970       0.00000
     -38.00470       0.00000
     -37.97970       0.00000
     -37.95470       0.00000
     -37.92970       0.00000
     -37.90470       0.00000
     -37.87970       0.00000
     -37.85470       0.00000
     -37.82970       0.00000
     -37.80470       0.00000
     -37.77970       0.00000
     -37.75570       0.00000
     -37.73070       0.00000
     -37.70570       0.00000
     -37.68070       0.00000
     -37.65570       0.00000
     -37.63070       0.00000
     -37.60570       0.00000
     -37.58070       0.00000
     -37.55570       0.00000
     -37.53070       0.00000
     -37.50570       0.00000
     -37.48070       0.00000
     -37.45670       0.00000
     -37.43170       0.00000
     -37.40670       0.00000
     -37.38170       0.00000
     -37.35670       0.00000
     -37.33170       0.00000
     -37.30670       0.00000
     -37.28170       0.00000
     -37.25670       0.00000
     -37.23170       0.00000
     -37.20670       0.00000
     -37.18170       0.00000
     -37.15770       0.00000
     -37.13270       0.00000
     -37.10770       0.00000
     -37.08270       0.00000
     -37.05770       0.00000
     -37.03270       0.00000
     -37.00770       0.00000
     -36.98270       0.00000
     -36.95770       0.00000
     -36.93270       0.00000
     -36.90770       0.00000
     -36.88270       0.00000
     -36.85870       0.00000
     -36.83370       0.00000
     -36.80870       0.00000
     -36.78370       0.00000
     -36.75870       0.00000
     -36.73370       0.00000
     -36.70870       0.00000
     -36.68370       0.00000
     -36.65870       0.00000
     -36.63370       0.00000
     -36.60870       0.00000
     -36.58370       0.00000
     -36.55970       0.00000
     -36.53470       0.00000
     -36.50970       0.00000
     -36.48470       0.00000
     -36.45970       0.00000
     -36.43470       0.00000
     -36.40970       0.00000
     -36.38470       0.00000
     -36.35970       0.00000
     -36.33470       0.00000
     -36.30970       0.00000
     -36.28470       0.00000
     -36.26070       0.00000
     -36.23570       0.00000
     -36.21070       0.00000
     -36.18570       0.00000
     -36.16070       0.00000
     -36.13570       0.00000
     -36.11070       0.00000
     -36.08570       0.00000
     -36.06070       0.00000
     -36.03570       0.00000
     -36.01070       0.00000
     -35.98570       0.00000
     -35.96170       0.00000
     -35.93670       0.00000
     -35.91170       0.00000
     -35.88670       0.00000
     -35.86170       0.00000
     -35.83670       0.00000
     -35.81170       0.00000
     -35.78670       0.00000
     -35.76170       0.00000
     -35.73670       0.00000
     -35.71170       0.00000
     -35.68670       0.00000
     -35.66270       0.00000
     -35.63770       0.00000
     -35.61270       0.00000
     -35.58770       0.00000
     -35.56270       0.00000
     -35.53770       0.00000
     -35.51270       0.00000
     -35.48770       0.00000
     -35.46270       0.00000
     -35.43770       0.00000
     -35.41270       0.00000
     -35.38770       0.00000
     -35.36370       0.00000
     -35.33870       0.00000
     -35.31370       0.00000
     -35.28870       0.00000
     -35.26370       0.00000
     -35.23870       0.00000
     -35.21370       0.00000
     -35.18870       0.00000
     -35.16370       0.00000
     -35.13870       0.00000
     -35.11370       0.00000
     -35.08870       0.00000
     -35.06470       0.00000
     -35.03970       0.00000
     -35.01470       0.00000
     -34.98970       0.00000
     -34.96470       0.00000
     -34.93970       0.00000
     -34.91470       0.00000
     -34.88970       0.00000
     -34.86470       0.00000
     -34.83970       0.00000
     -34.81470       0.00000
     -34.78970       0.00000
     -34.76570       0.00000
     -34.74070       0.00000
     -34.71570       0.00000
     -34.69070       0.00000
     -34.66570       0.00000
     -34.64070       0.00000
     -34.61570       0.00000
     -34.59070       0.00000
     -34.56570       0.00000
     -34.54070       0.00000
     -34.51570       0.00000
     -34.49070       0.00000
     -34.46670       0.00000
     -34.44170       0.00000
     -34.41670       0.00000
     -34.39170       0.00000
     -34.36670       0.00000
     -34.34170       0.00000
     -34.31670       0.00000
     -34.29170       0.00000
     -34.26670       0.00000
     -34.24170       0.00000
     -34.21670       0.00000
     -34.19170       0.00000
     -34.16770       0.00000
     -34.14270       0.00000
     -34.11770       0.00000
     -34.09270       0.00000
     -34.06770       0.00000
     -34.04270       0.00000
     -34.01770       0.00000
     -33.99270       0.00000
     -33.96770       0.00000
     -33.94270       0.00000
     -33.91770       0.00000
     -33.89270       0.00000
     -33.86870       0.00000
     -33.84370       0.00000
     -33.81870       0.00000
     -33.79370       0.00000
     -33.76870       0.00000
     -33.74370       0.00000
     -33.71870       0.00000
     -33.69370       0.00000
     -33.66870       0.00000
     -33.64370       0.00000
     -33.61870       0.00000
     -33.59370       0.00000
     -33.56970       0.00000
     -33.54470       0.00000
     -33.51970       0.00000
     -33.49470       0.00000
     -33.46970       0.00000
     -33.44470       0.00000
     -33.41970       0.00000
     -33.39470       0.00000
     -33.36970       0.00000
     -33.34470       0.00000
     -33.31970       0.00000
     -33.29470       0.00000
     -33.27070       0.00000
     -33.24570       0.00000
     -33.22070       0.00000
     -33.19570       0.00000
     -33.17070       0.00000
     -33.14570       0.00000
     -33.12070       0.00000
     -33.09570       0.00000
     -33.07070       0.00000
     -33.04570       0.00000
     -33.02070       0.00000
     -32.99570       0.00000
     -32.97170       0.00000
     -32.94670       0.00000
     -32.92170       0.00000
     -32.89670       0.00000
     -32.87170       0.00000
     -32.84670       0.00000
     -32.82170       0.00000
     -32.79670       0.00000
     -32.77170       0.00000
     -32.74670       0.00000
     -32.72170       0.00000
     -32.69670       0.00000
     -32.67270       0.00000
     -32.64770       0.00000
     -32.62270       0.00000
     -32.59770       0.00000
     -32.57270       0.00000
     -32.54770       0.00000
     -32.52270       0.00000
     -32.49770       0.00000
     -32.47270       0.00000
     -32.44770       0.00000
     -32.42270       0.00000
     -32.39770       0.00000
     -32.37370       0.00000
     -32.34870       0.00000
     -32.32370       0.00000
     -32.29870       0.00000
     -32.27370       0.00000
     -32.24870       0.00000
     -32.22370       0.00000
     -32.19870       0.00000
     -32.17370       0.00000
     -32.14870       0.00000
     -32.12370       0.00000
     -32.09870       0.00000
     -32.07470       0.00000
     -32.04970       0.00000
     -32.02470       0.00000
     -31.99970       0.00000
     -31.97470       0.00000
     -31.94970       0.00000
     -31.92470       0.00000
     -31.89970       0.00000
     -31.87470       0.00000
     -31.84970       0.00000
     -31.82470       0.00000
     -31.79970       0.00000
     -31.77570       0.00000
     -31.75070       0.00000
     -31.72570       0.00000
     -31.70070       0.00000
     -31.67570       0.00000
     -31.65070       0.00000
     -31.62570       0.00000
     -31.60070       0.00000
     -31.57570       0.00000
     -31.55070       0.00000
     -31.52570       0.00000
     -31.50070       0.00000
     -31.47670       0.00000
     -31.45170       0.00000
     -31.42670       0.00000
     -31.40170       0.00000
     -31.37670       0.00000
     -31.35170       0.00000
     -31.32670       0.00000
     -31.30170       0.00000
     -31.27670       0.00000
     -31.25170       0.00000
     -31.22670       0.00000
     -31.20170       0.00000
     -31.17770       0.00000
     -31.15270       0.00000
     -31.12770       0.00000
     -31.10270       0.00000
     -31.07770       0.00000
     -31.05270       0.00000
     -31.02770       0.00000
     -31.00270       0.00000
     -30.97770       0.00000
     -30.95270       0.00000
     -30.92770       0.00000
     -30.90270       0.00000
     -30.87870       0.00000
     -30.85370       0.00000
     -30.82870       0.00000
     -30.80370       0.00000
     -30.77870       0.00000
     -30.75370       0.00000
     -30.72870       0.00000
     -30.70370       0.00000
     -30.67870       0.00000
     -30.65370       0.00000
     -30.62870       0.00000
     -30.60370       0.00000
     -30.57970       0.00000
     -30.55470       0.00000
     -30.52970       0.00000
     -30.50470       0.00000
     -30.47970       0.00000
     -30.45470       0.00000
     -30.42970       0.00000
     -30.40470       0.00000
     -30.37970       0.00000
     -30.35470       0.00000
     -30.32970       0.00000
     -30.30470       0.00000
     -30.28070       0.00000
     -30.25570       0.00000
     -30.23070       0.00000
     -30.20570       0.00000
     -30.18070       0.00000
     -30.15570       0.00000
     -30.13070       0.00000
     -30.10570       0.00000
     -30.08070       0.00000
     -30.05570       0.00000
     -30.03070       0.00000
     -30.00570       0.00000
     -29.98170       0.00000
     -29.95670       0.00000
     -29.93170       0.00000
     -29.90670       0.00000
     -29.88170       0.00000
     -29.85670       0.00000
     -29.83170       0.00000
     -29.80670       0.00000
     -29.78170       0.00000
     -29.75670       0.00000
     -29.73170       0.00000
     -29.70670       0.00000
     -29.68170       0.00000
     -29.65770       0.00000
     -29.63270       0.00000
     -29.60770       0.00000
     -29.58270       0.00000
     -29.55770       0.00000
     -29.53270       0.00000
     -29.50770       0.00000
     -29.48270       0.00000
     -29.45770       0.00000
     -29.43270       0.00000
     -29.40770       0.00000
     -29.38270       0.00000
     -29.35870       0.00000
     -29.33370       0.00000
     -29.30870       0.00000
     -29.28370       0.00000
     -29.25870       0.00000
     -29.23370       0.00000
     -29.20870       0.00000
     -29.18370       0.00000
     -29.15870       0.00000
     -29.13370       0.00000
     -29.10870       0.00000
     -29.08370       0.00000
     -29.05970       0.00000
     -29.03470       0.00000
     -29.00970       0.00000
     -28.98470       0.00000
     -28.95970       0.00000
     -28.93470       0.00000
     -28.90970       0.00000
     -28.88470       0.00000
     -28.85970       0.00000
     -28.83470       0.00000
     -28.80970       0.00000
     -28.78470       0.00000
     -28.76070       0.00000
     -28.73570       0.00000
     -28.71070       0.00000
     -28.68570       0.00000
     -28.66070       0.00000
     -28.63570       0.00000
     -28.61070       0.00000
     -28.58570       0.00000
     -28.56070       0.00000
     -28.53570       0.00000
     -28.51070       0.00000
     -28.48570       0.00000
     -28.46170       0.00000
     -28.43670       0.00000
     -28.41170       0.00000
     -28.38670       0.00000
     -28.36170       0.00000
     -28.33670       0.00000
     -28.31170       0.00000
     -28.28670       0.00000
     -28.26170       0.00000
     -28.23670       0.00000
     -28.21170       0.00000
     -28.18670       0.00000
     -28.16270       0.00000
     -28.13770       0.00000
     -28.11270       0.00000
     -28.08770       0.00000
     -28.06270       0.00000
     -28.03770       0.00000
     -28.01270       0.00000
     -27.98770       0.00000
     -27.96270       0.00000
     -27.93770       0.00000
     -27.91270       0.00000
     -27.88770       0.00000
     -27.86370       0.00000
     -27.83870       0.00000
     -27.81370       0.00000
     -27.78870       0.00000
     -27.76370       0.00000
     -27.73870       0.00000
     -27.71370       0.00000
     -27.68870       0.00000
     -27.66370       0.00000
     -27.63870       0.00000
     -27.61370       0.00000
     -27.58870       0.00000
     -27.56470       0.00000
     -27.53970       0.00000
     -27.51470       0.00000
     -27.48970       0.00000
     -27.46470       0.00000
     -27.43970       0.00000
     -27.41470       0.00000
     -27.38970       0.00000
     -27.36470       0.00000
     -27.33970       0.00000
     -27.31470       0.00000
     -27.28970       0.00000
     -27.26570       0.00000
     -27.24070       0.00000
     -27.21570       0.00000
     -27.19070       0.00000
     -27.16570       0.00000
     -27.14070       0.00000
     -27.11570       0.00000
     -27.09070       0.00000
     -27.06570       0.00000
     -27.04070       0.00000
     -27.01570       0.00000
     -26.99070       0.00000
     -26.96670       0.00000
     -26.94170       0.00000
     -26.91670       0.00000
     -26.89170       0.00000
     -26.86670       0.00000
     -26.84170       0.00000
     -26.81670       0.00000
     -26.79170       0.00000
     -26.76670       0.00000
     -26.74170       0.00000
     -26.71670       0.00000
     -26.69170       0.00000
     -26.66770       0.00000
     -26.64270       0.00000
     -26.61770       0.00000
     -26.59270       0.00000
     -26.56770       0.00000
     -26.54270       0.00000
     -26.51770       0.00000
     -26.49270       0.00000
     -26.46770       0.00000
     -26.44270       0.00000
     -26.41770       0.00000
     -26.39270       0.00000
     -26.36870       0.00000
     -26.34370       0.00000
     -26.31870       0.00000
     -26.29370       0.00000
     -26.26870       0.00000
     -26.24370       0.00000
     -26.21870       0.00000
     -26.19370       0.00000
     -26.16870       0.00000
     -26.14370       0.00000
     -26.11870       0.00000
     -26.09370       0.00000
     -26.06970       0.00000
     -26.04470       0.00000
     -26.01970       0.00000
     -25.99470       0.00000
     -25.96970       0.00000
     -25.94470       0.00000
     -25.91970       0.00000
     -25.89470       0.00000
     -25.86970       0.00000
     -25.84470       0.00000
     -25.81970       0.00000
     -25.79470       0.00000
     -25.77070       0.00000
     -25.74570       0.00000
     -25.72070       0.00000
     -25.69570       0.00000
     -25.67070       0.00000
     -25.64570       0.00000
     -25.62070       0.00000
     -25.59570       0.00000
     -25.57070       0.00000
     -25.54570       0.00000
     -25.52070       0.00000
     -25.49570       0.00000
     -25.47170       0.00000
     -25.44670       0.00000
     -25.42170       0.00000
     -25.39670       0.00000
     -25.37170       0.00000
     -25.34670       0.00000
     -25.32170       0.00000
     -25.29670       0.00000
     -25.27170       0.00000
     -25.24670       0.00000
     -25.22170       0.00000
     -25.19670       0.00000
     -25.17270       0.00000
     -25.14770       0.00000
     -25.12270       0.00000
     -25.09770       0.00000
     -25.07270       0.00000
     -25.04770       0.00000
     -25.02270       0.00000
     -24.99770       0.00000
     -24.97270       0.00000
     -24.94770       0.00000
     -24.92270       0.00000
     -24.89770       0.00000
     -24.87370       0.00000
     -24.84870       0.00000
     -24.82370       0.00000
     -24.79870       0.00000
     -24.77370       0.00000
     -24.74870       0.00000
     -24.72370       0.00000
     -24.69870       0.00000
     -24.67370       0.00000
     -24.64870       0.00000
     -24.62370       0.00000
     -24.59870       0.00000
     -24.57470       0.00000
     -24.54970       0.00000
     -24.52470       0.00000
     -24.49970       0.00000
     -24.47470       0.00000
     -24.44970       0.00000
     -24.42470       0.00000
     -24.39970       0.00000
     -24.37470       0.00000
     -24.34970       0.00000
     -24.32470       0.00000
     -24.29970       0.00000
     -24.27570       0.00000
     -24.25070       0.00000
     -24.22570       0.00000
     -24.20070       0.00000
     -24.17570       0.00000
     -24.15070       0.00000
     -24.12570       0.00000
     -24.10070       0.00000
     -24.07570       0.00000
     -24.05070       0.00000
     -24.02570       0.00000
     -24.00070       0.00000
     -23.97670       0.00000
     -23.95170       0.00000
     -23.92670       0.00000
     -23.90170       0.00000
     -23.87670       0.00000
     -23.85170       0.00000
     -23.82670       0.00000
     -23.80170       0.00000
     -23.77670       0.00000
     -23.75170       0.00000
     -23.72670       0.00000
     -23.70170       0.00000
     -23.67770       0.00000
     -23.65270       0.00000
     -23.62770       0.00000
     -23.60270       0.00000
     -23.57770       0.00000
     -23.55270       0.00000
     -23.52770       0.00000
     -23.50270       0.00000
     -23.47770       0.00000
     -23.45270       0.00000
     -23.42770       0.00000
     -23.40270       0.00000
     -23.37870       0.00000
     -23.35370       0.00000
     -23.32870       0.00000
     -23.30370       0.00000
     -23.27870       0.00000
     -23.25370       0.00000
     -23.22870       0.00000
     -23.20370       0.00000
     -23.17870       0.00000
     -23.15370       0.00000
     -23.12870       0.00000
     -23.10370       0.00000
     -23.07970       0.00000
     -23.05470       0.00000
     -23.02970       0.00000
     -23.00470       0.00000
     -22.97970       0.00000
     -22.95470       0.00000
     -22.92970       0.00000
     -22.90470       0.00000
     -22.87970       0.00000
     -22.85470       0.00000
     -22.82970       0.00000
     -22.80470       0.00000
     -22.78070       0.00000
     -22.75570       0.00000
     -22.73070       0.00000
     -22.70570       0.00000
     -22.68070       0.00000
     -22.65570       0.00000
     -22.63070       0.00000
     -22.60570       0.00000
     -22.58070       0.00000
     -22.55570       0.00000
     -22.53070       0.00000
     -22.50570       0.00000
     -22.48170       0.00000
     -22.45670       0.00000
     -22.43170       0.00000
     -22.40670       0.00000
     -22.38170       0.00000
     -22.35670       0.00000
     -22.33170       0.00000
     -22.30670       0.00000
     -22.28170       0.00000
     -22.25670       0.00000
     -22.23170       0.00000
     -22.20670       0.00000
     -22.18270       0.00000
     -22.15770       0.00000
     -22.13270       0.00000
     -22.10770       0.00000
     -22.08270       0.00000
     -22.05770       0.00000
     -22.03270       0.00000
     -22.00770       0.00000
     -21.98270       0.00000
     -21.95770       0.00000
     -21.93270       0.00000
     -21.90770       0.00000
     -21.88370       0.00000
     -21.85870       0.00000
     -21.83370       0.00000
     -21.80870       0.00000
     -21.78370       0.00000
     -21.75870       0.00000
     -21.73370       0.00000
     -21.70870       0.00000
     -21.68370       0.00000
     -21.65870       0.00000
     -21.63370       0.00000
     -21.60870       0.00000
     -21.58470       0.00000
     -21.55970       0.00000
     -21.53470       0.00000
     -21.50970       0.00000
     -21.48470       0.00000
     -21.45970       0.00000
     -21.43470       0.00000
     -21.40970       0.00000
     -21.38470       0.00000
     -21.35970       0.00000
     -21.33470       0.00000
     -21.30970       0.00000
     -21.28570       0.00000
     -21.26070       0.00000
     -21.23570       0.00000
     -21.21070       0.00000
     -21.18570       0.00000
     -21.16070       0.00000
     -21.13570       0.00000
     -21.11070       0.00000
     -21.08570       0.00000
     -21.06070       0.00000
     -21.03570       0.00000
     -21.01070       0.00000
     -20.98670       0.00000
     -20.96170       0.00000
     -20.93670       0.00000
     -20.91170       0.00000
     -20.88670       0.00000
     -20.86170       0.00000
     -20.83670       0.00000
     -20.81170       0.00000
     -20.78670       0.00000
     -20.76170       0.00000
     -20.73670       0.00000
     -20.71170       0.00000
     -20.68770       0.00000
     -20.66270       0.00000
     -20.63770       0.00000
     -20.61270       0.00000
     -20.58770       0.00000
     -20.56270       0.00000
     -20.53770       0.00000
     -20.51270       0.00000
     -20.48770       0.00000
     -20.46270       0.00000
     -20.43770       0.00000
     -20.41270       0.00000
     -20.38870       0.00000
     -20.36370       0.00000
     -20.33870       0.00000
     -20.31370       0.00000
     -20.28870       0.00000
     -20.26370       0.00000
     -20.23870       0.00000
     -20.21370       0.00000
     -20.18870       0.00000
     -20.16370       0.00000
     -20.13870       0.00000
     -20.11370       0.00000
     -20.08970       0.00000
     -20.06470       0.00000
     -20.03970       0.00000
     -20.01470       0.00000
     -19.98970       0.00000
     -19.96470       0.00000
     -19.93970       0.00000
     -19.91470       0.00000
     -19.88970       0.00000
     -19.86470       0.00000
     -19.83970       0.00000
     -19.81470       0.00000
     -19.79070       0.00000
     -19.76570       0.00000
     -19.74070       0.00000
     -19.71570       0.00000
     -19.69070       0.00000
     -19.66570       0.00000
     -19.64070       0.00000
     -19.61570       0.00000
     -19.59070       0.00000
     -19.56570       0.00000
     -19.54070       0.00000
     -19.51570       0.00000
     -19.49170       0.00000
     -19.46670       0.00000
     -19.44170       0.00000
     -19.41670       0.00000
     -19.39170       0.00000
     -19.36670       0.00000
     -19.34170       0.00000
     -19.31670       0.00000
     -19.29170       0.00000
     -19.26670       0.00000
     -19.24170       0.00000
     -19.21670       0.00000
     -19.19270       0.00000
     -19.16770       0.00000
     -19.14270       0.00000
     -19.11770       0.00000
     -19.09270       0.00000
     -19.06770       0.00000
     -19.04270       0.00000
     -19.01770       0.00000
     -18.99270       0.00000
     -18.96770       0.00000
     -18.94270       0.00000
     -18.91770       0.00000
     -18.89370       0.00000
     -18.86870       0.00000
     -18.84370       0.00000
     -18.81870       0.00000
     -18.79370       0.00000
     -18.76870       0.00000
     -18.74370       0.00000
     -18.71870       0.00000
     -18.69370       0.00000
     -18.66870       0.00000
     -18.64370       0.00000
     -18.61870       0.00000
     -18.59470       0.00000
     -18.56970       0.00000
     -18.54470       0.00000
     -18.51970       0.00000
     -18.49470       0.00000
     -18.46970       0.00000
     -18.44470       0.00000
     -18.41970       0.00000
     -18.39470       0.00000
     -18.36970       0.00000
     -18.34470       0.00000
     -18.31970       0.00000
     -18.29570       0.00000
     -18.27070       0.00000
     -18.24570       0.00000
     -18.22070       0.00000
     -18.19570       0.00000
     -18.17070       0.00000
     -18.14570       0.00000
     -18.12070       0.00000
     -18.09570       0.00000
     -18.07070       0.00000
     -18.04570       0.00000
     -18.02070       0.00000
     -17.99570       0.00000
     -17.97170       0.00000
     -17.94670       0.00000
     -17.92170       0.00000
     -17.89670       0.00000
     -17.87170       0.00000
     -17.84670       0.00000
     -17.82170       0.00000
     -17.79670       0.00000
     -17.77170       0.00000
     -17.74670       0.00000
     -17.72170       0.00000
     -17.69670       0.00000
     -17.67270       0.00000
     -17.64770       0.00000
     -17.62270       0.00000
     -17.59770       0.00000
     -17.57270       0.00000
     -17.54770       0.00000
     -17.52270       0.00000
     -17.49770       0.00000
     -17.47270       0.00000
     -17.44770       0.00000
     -17.42270       0.00000
     -17.39770       0.00000
     -17.37370       0.00000
     -17.34870       0.00000
     -17.32370       0.00000
     -17.29870       0.00000
     -17.27370       0.00000
     -17.24870       0.00000
     -17.22370       0.00000
     -17.19870       0.00000
     -17.17370       0.00000
     -17.14870       0.00000
     -17.12370       0.00000
     -17.09870       0.00000
     -17.07470       0.00000
     -17.04970       0.00000
     -17.02470       0.00000
     -16.99970       0.00000
     -16.97470       0.00000
     -16.94970       0.00000
     -16.92470       0.00000
     -16.89970       0.00000
     -16.87470       0.00000
     -16.84970       0.00000
     -16.82470       0.00000
     -16.79970       0.00000
     -16.77570       0.00000
     -16.75070       0.00000
     -16.72570       0.00000
     -16.70070       0.00000
     -16.67570       0.00000
     -16.65070       0.00000
     -16.62570       0.00000
     -16.60070       0.00000
     -16.57570       0.00000
     -16.55070       0.00000
     -16.52570       0.00000
     -16.50070       0.00000
     -16.47670       0.00000
     -16.45170       0.00000
     -16.42670       0.00000
     -16.40170       0.00000
     -16.37670       0.00000
     -16.35170       0.00000
     -16.32670       0.00000
     -16.30170       0.00000
     -16.27670       0.00000
     -16.25170       0.00000
     -16.22670       0.00000
     -16.20170       0.00000
     -16.17770       0.00000
     -16.15270       0.00000
     -16.12770       0.00000
     -16.10270       0.00000
     -16.07770       0.00000
     -16.05270       0.00000
     -16.02770       0.00000
     -16.00270       0.00000
     -15.97770       0.00000
     -15.95270       0.00000
     -15.92770       0.00000
     -15.90270       0.00000
     -15.87870       0.00000
     -15.85370       0.00000
     -15.82870       0.00000
     -15.80370       0.00000
     -15.77870       0.00000
     -15.75370       0.00000
     -15.72870       0.00000
     -15.70370       0.00000
     -15.67870       0.00000
     -15.65370       0.00000
     -15.62870       0.00000
     -15.60370       0.00000
     -15.57970       0.00000
     -15.55470       0.00000
     -15.52970       0.00000
     -15.50470       0.00000
     -15.47970       0.00000
     -15.45470       0.00000
     -15.42970       0.00000
     -15.40470       0.00000
     -15.37970       0.00000
     -15.35470       0.00000
     -15.32970       0.00000
     -15.30470       0.00000
     -15.28070       0.00000
     -15.25570       0.00000
     -15.23070       0.00000
     -15.20570       0.00000
     -15.18070       0.00000
     -15.15570       0.00000
     -15.13070       0.00000
     -15.10570       0.00000
     -15.08070       0.00000
     -15.05570       0.00000
     -15.03070       0.00000
     -15.00570       0.00000
     -14.98170       0.00000
     -14.95670       0.00000
     -14.93170       0.00000
     -14.90670       0.00000
     -14.88170       0.00000
     -14.85670       0.00000
     -14.83170       0.00000
     -14.80670       0.00000
     -14.78170       0.00000
     -14.75670       0.00000
     -14.73170       0.00000
     -14.70670       0.00000
     -14.68270       0.00000
     -14.65770       0.00000
     -14.63270       0.00000
     -14.60770       0.00000
     -14.58270       0.00000
     -14.55770       0.00000
     -14.53270       0.00000
     -14.50770       0.00000
     -14.48270       0.00000
     -14.45770       0.00000
     -14.43270       0.00000
     -14.40770       0.00000
     -14.38370       0.00000
     -14.35870       0.00000
     -14.33370       0.00000
     -14.30870       0.00000
     -14.28370       0.00000
     -14.25870       0.00000
     -14.23370       0.00000
     -14.20870       0.00000
     -14.18370       0.00000
     -14.15870       0.00000
     -14.13370       0.00000
     -14.10870       0.00000
     -14.08470       0.00000
     -14.05970       0.00000
     -14.03470       0.00000
     -14.00970       0.00000
     -13.98470       0.00000
     -13.95970       0.00000
     -13.93470       0.00000
     -13.90970       0.00000
     -13.88470       0.00000
     -13.85970       0.00000
     -13.83470       0.00000
     -13.80970       0.00000
     -13.78570       0.00000
     -13.76070       0.00000
     -13.73570       0.00000
     -13.71070       0.00000
     -13.68570       0.00000
     -13.66070       0.00000
     -13.63570       0.00000
     -13.61070       0.00000
     -13.58570       0.00000
     -13.56070       0.00000
     -13.53570       0.00000
     -13.51070       0.00000
     -13.48670       0.00000
     -13.46170       0.00000
     -13.43670       0.00000
     -13.41170       0.00000
     -13.38670       0.00000
     -13.36170       0.00000
     -13.33670       0.00000
     -13.31170       0.00000
     -13.28670       0.00000
     -13.26170       0.00000
     -13.23670       0.00000
     -13.21170       0.00000
     -13.18770       0.00000
     -13.16270       0.00000
     -13.13770       0.00000
     -13.11270       0.00000
     -13.08770       0.00000
     -13.06270       0.00000
     -13.03770       0.00000
     -13.01270       0.00000
     -12.98770       0.00000
     -12.96270       0.00000
     -12.93770       0.00000
     -12.91270       0.00000
     -12.88870       0.00000
     -12.86370       0.00000
     -12.83870       0.00000
     -12.81370       0.00000
     -12.78870       0.00000
     -12.76370       0.00000
     -12.73870       0.00000
     -12.71370       0.00000
     -12.68870       0.00000
     -12.66370       0.00000
     -12.63870       0.00000
     -12.61370       0.00000
     -12.58970       0.00000
     -12.56470       0.00000
     -12.53970       0.00000
     -12.51470       0.00000
     -12.48970       0.00000
     -12.46470       0.00000
     -12.43970       0.00000
     -12.41470       0.00000
     -12.38970       4.36900
     -12.36470      10.05000
     -12.33970      15.73000
     -12.31470      25.11000
     -12.29070      26.84000
     -12.26570      36.79000
     -12.24070      38.66000
     -12.21570      13.50000
     -12.19070      65.60000
     -12.16570       0.00000
     -12.14070       0.00000
     -12.11570      15.01000
     -12.09070      31.32000
     -12.06570      25.35000
     -12.04070      38.42000
     -12.01570      55.53000
     -11.99170      34.38000
     -11.96670      32.54000
     -11.94170      59.22000
     -11.91670      53.01000
     -11.89170      56.36000
     -11.86670      52.12000
     -11.84170      23.97000
     -11.81670      10.38000
     -11.79170      55.11000
     -11.76670      31.37000
     -11.74170      15.12000
     -11.71670       8.44500
     -11.69270      92.70000
     -11.66770      44.12000
     -11.64270      50.01000
     -11.61770      27.19000
     -11.59270      83.48000
     -11.56770      28.24000
     -11.54270      31.00000
     -11.51770      77.22000
     -11.49270      79.58000
     -11.46770      23.62000
     -11.44270      43.35000
     -11.41770      36.96000
     -11.39370      59.52000
     -11.36870      42.41000
     -11.34370      69.13000
     -11.31870      64.50000
     -11.29370      36.19000
     -11.26870     133.50000
     -11.24370      55.94000
     -11.21870      68.71000
     -11.19370      31.12000
     -11.16870      66.67000
     -11.14370      69.39000
     -11.11870      67.49000
     -11.09470      89.19000
     -11.06970      71.22000
     -11.04470      41.74000
     -11.01970      30.60000
     -10.99470      94.55000
     -10.96970      56.48000
     -10.94470      58.60000
     -10.91970     114.50000
     -10.89470     140.70000
     -10.86970      59.27000
     -10.84470      98.83000
     -10.81970      99.12000
     -10.79570      44.59000
     -10.77070      13.50000
     -10.74570       1.63100
     -10.72070     103.90000
     -10.69570       0.00000
     -10.67070      98.82000
     -10.64570     120.50000
     -10.62070     108.30000
     -10.59570     118.00000
     -10.57070     101.50000
     -10.54570     100.30000
     -10.52070     309.20000
     -10.49670     134.90000
     -10.47170     252.10000
     -10.44670     174.10000
     -10.42170     268.90000
     -10.39670     173.50000
     -10.37170     115.10000
     -10.34670     201.30000
     -10.32170       0.00000
     -10.29670      55.40000
     -10.27170      89.79000
     -10.24670      67.93000
     -10.22170     107.00000
     -10.19770      68.95000
     -10.17270     150.90000
     -10.14770       0.00000
     -10.12270       0.00000
     -10.09770       0.00000
     -10.07270       0.00000
     -10.04770       0.00000
     -10.02270       0.00000
      -9.99770       0.00000
      -9.97270       0.00000
      -9.94770       0.00000
      -9.92270       0.00000
      -9.89870       0.00000
      -9.87370       0.00000
      -9.84870       0.00000
      -9.82370       0.00000
      -9.79870       0.00000
      -9.77370       0.00000
      -9.74870       0.00000
      -9.72370       0.00000
      -9.69870       0.00000
      -9.67370       0.00000
      -9.64870       0.00000
      -9.62370       0.00000
      -9.59970       0.00000
      -9.57470       0.00000
      -9.54970       0.00000
      -9.52470       0.00000
      -9.49970       0.00000
      -9.47470       0.00000
      -9.44970       0.00000
      -9.42470       0.00000
      -9.39970       0.00000
      -9.37470       0.00000
      -9.34970       0.00000
      -9.32470       0.00000
      -9.30070       0.00000
      -9.27570       0.00000
      -9.25070       0.00000
      -9.22570       0.00000
      -9.20070      54.23000
      -9.17570      34.82000
      -9.15070       5.75000
      -9.12570      80.98000
      -9.10070      70.62000
      -9.07570      28.55000
      -9.05070      50.87000
      -9.02570     267.50000
      -9.00170     123.00000
      -8.97670      66.06000
      -8.95170      69.04000
      -8.92670      80.08000
      -8.90170      39.54000
      -8.87670      44.54000
      -8.85170      25.28000
      -8.82670      70.10000
      -8.80170      55.33000
      -8.77670      32.44000
      -8.75170      57.05000
      -8.72670      55.71000
      -8.70270      52.65000
      -8.67770      46.92000
      -8.65270      35.15000
      -8.62770      52.66000
      -8.60270     197.80000
      -8.57770       0.00000
      -8.55270      22.24000
      -8.52770      66.82000
      -8.50270     108.50000
      -8.47770      53.57000
      -8.45270      47.10000
      -8.42770      16.49000
      -8.40370     118.90000
      -8.37870      44.40000
      -8.35370     157.30000
      -8.32870      30.00000
      -8.30370      37.81000
      -8.27870      39.66000
      -8.25370      65.03000
      -8.22870      47.58000
      -8.20370      59.05000
      -8.17870      36.54000
      -8.15370      44.59000
      -8.12870      44.32000
      -8.10470      15.05000
      -8.07970       7.60300
      -8.05470      47.45000
      -8.02970      29.98000
      -8.00470     105.50000
      -7.97970      17.26000
      -7.95470      19.37000
      -7.92970      75.84000
      -7.90470      11.96000
      -7.87970       5.81800
      -7.85470      71.27000
      -7.82970      15.02000
      -7.80570      42.86000
      -7.78070      19.73000
      -7.75570      37.81000
      -7.73070      29.96000
      -7.70570      37.02000
      -7.68070      34.78000
      -7.65570      30.54000
      -7.63070      29.02000
      -7.60570      26.92000
      -7.58070      31.14000
      -7.55570       0.00000
      -7.53070       0.00000
      -7.50670      38.74000
      -7.48170      24.23000
      -7.45670      21.52000
      -7.43170      27.98000
      -7.40670      20.57000
      -7.38170      20.81000
      -7.35670      12.90000
      -7.33170       4.99800
      -7.30670       0.00000
      -7.28170       0.00000
      -7.25670       0.00000
      -7.23170       0.00000
      -7.20770      73.66000
      -7.18270       0.00000
      -7.15770       8.32200
      -7.13270      17.05000
      -7.10770      18.80000
      -7.08270      17.67000
      -7.05770      10.48000
      -7.03270      31.78000
      -7.00770      36.25000
      -6.98270      12.38000
      -6.95770       0.01831
      -6.93270       0.00000
      -6.90870       0.00000
      -6.88370       0.00000
      -6.85870       0.00000
      -6.83370       0.00000
      -6.80870       0.00000
      -6.78370       0.00000
      -6.75870       0.00000
      -6.73370       0.00000
      -6.70870       0.00000
      -6.68370       0.00000
      -6.65870       0.00000
      -6.63370       0.00000
      -6.60870       0.00000
      -6.58470       0.00000
      -6.55970       0.00000
      -6.53470       0.00000
      -6.50970       0.00000
      -6.48470       0.00000
      -6.45970       0.00000
      -6.43470       0.00000
      -6.40970       0.00000
      -6.38470       0.00000
      -6.35970       0.00000
      -6.33470       0.00000
      -6.30970       0.00000
      -6.28570       0.00000
      -6.26070       0.00000
      -6.23570       0.00000
      -6.21070       0.00000
      -6.18570       0.00000
      -6.16070       0.00000
      -6.13570       0.00000
      -6.11070       0.00000
      -6.08570       0.00000
      -6.06070       0.00000
      -6.03570       0.00000
      -6.01070       0.00000
      -5.98670       0.00000
      -5.96170       0.00000
      -5.93670       0.00000
      -5.91170       0.00000
      -5.88670       0.00000
      -5.86170       0.00000
      -5.83670       0.00000
      -5.81170       0.00000
      -5.78670       0.00000
      -5.76170       0.00000
      -5.73670       0.00000
      -5.71170       0.00000
      -5.68770       0.00000
      -5.66270       0.00000
      -5.63770       0.00000
      -5.61270       0.00000
      -5.58770       0.00000
      -5.56270       0.00000
      -5.53770       0.00000
      -5.51270       0.00000
      -5.48770       0.00000
      -5.46270       0.00000
      -5.43770       0.00000
      -5.41270       0.00000
      -5.38870       0.00000
      -5.36370       0.00000
      -5.33870       0.00000
      -5.31370       0.00000
      -5.28870       0.00000
      -5.26370       0.00000
      -5.23870       0.00000
      -5.21370       0.00000
      -5.18870       0.00000
      -5.16370       0.00000
      -5.13870       0.00000
      -5.11370       0.00000
      -5.08970       0.00000
      -5.06470       0.00000
      -5.03970       0.00000
      -5.01470       0.00000
      -4.98970       0.00000
      -4.96470       0.00000
      -4.93970       0.00000
      -4.91470       0.00000
      -4.88970       0.00000
      -4.86470       0.00000
      -4.83970       0.00000
      -4.81470       0.00000
      -4.79070       0.00000
      -4.76570       0.00000
      -4.74070      39.17000
      -4.71570      30.27000
      -4.69070      62.07000
      -4.66570      50.47000
      -4.64070      28.34000
      -4.61570      63.83000
      -4.59070      41.28000
      -4.56570      48.48000
      -4.54070      12.72000
      -4.51570      30.03000
      -4.49170      27.68000
      -4.46670      92.46000
      -4.44170      11.73000
      -4.41670      73.92000
      -4.39170      25.85000
      -4.36670      31.89000
      -4.34170      46.98000
      -4.31670       0.00000
      -4.29170      49.41000
      -4.26670       0.00000
      -4.24170      45.85000
      -4.21670      35.18000
      -4.19270      77.68000
      -4.16770      74.53000
      -4.14270      46.90000
      -4.11770      83.61000
      -4.09270      52.30000
      -4.06770      68.84000
      -4.04270      45.70000
      -4.01770     110.20000
      -3.99270      58.92000
      -3.96770      80.53000
      -3.94270      75.09000
      -3.91770     123.80000
      -3.89370     117.60000
      -3.86870      46.73000
      -3.84370      66.78000
      -3.81870      35.56000
      -3.79370      46.20000
      -3.76870     113.00000
      -3.74370      41.13000
      -3.71870     150.10000
      -3.69370      79.36000
      -3.66870      67.32000
      -3.64370      91.73000
      -3.61870      70.30000
      -3.59470      83.19000
      -3.56970     146.00000
      -3.54470      49.06000
      -3.51970     154.20000
      -3.49470     125.80000
      -3.46970     135.20000
      -3.44470      48.24000
      -3.41970      73.63000
      -3.39470     141.00000
      -3.36970      67.53000
      -3.34470     187.50000
      -3.31970     184.70000
      -3.29570      82.95000
      -3.27070     122.70000
      -3.24570      98.69000
      -3.22070     119.60000
      -3.19570     153.70000
      -3.17070      90.70000
      -3.14570     123.40000
      -3.12070      97.99000
      -3.09570       9.93100
      -3.07070     334.50000
      -3.04570      79.59000
      -3.02070     121.70000
      -2.99670     111.90000
      -2.97170      80.97000
      -2.94670     114.20000
      -2.92170     186.20000
      -2.89670     419.40000
      -2.87170     144.00000
      -2.84670     129.60000
      -2.82170     128.90000
      -2.79670      94.93000
      -2.77170     113.00000
      -2.74670     337.20000
      -2.72170     148.40000
      -2.69770     145.40000
      -2.67270      85.43000
      -2.64770      91.51000
      -2.62270      96.09000
      -2.59770     123.80000
      -2.57270     133.10000
      -2.54770     149.70000
      -2.52270     142.40000
      -2.49770     130.10000
      -2.47270     189.00000
      -2.44770      83.55000
      -2.42270     135.20000
      -2.39870     109.50000
      -2.37370      95.94000
      -2.34870     151.00000
      -2.32370      32.62000
      -2.29870     144.60000
      -2.27370      81.24000
      -2.24870     147.10000
      -2.22370     103.80000
      -2.19870      86.01000
      -2.17370      82.57000
      -2.14870     123.60000
      -2.12370      97.56000
      -2.09970      86.51000
      -2.07470     137.20000
      -2.04970      84.38000
      -2.02470      41.06000
      -1.99970     115.60000
      -1.97470      80.02000
      -1.94970      90.09000
      -1.92470      68.40000
      -1.89970      26.06000
      -1.87470     159.10000
      -1.84970     124.70000
      -1.82470     274.10000
      -1.80070     102.80000
      -1.77570     154.60000
      -1.75070      49.83000
      -1.72570      95.76000
      -1.70070     131.60000
      -1.67570     112.90000
      -1.65070      66.18000
      -1.62570     132.00000
      -1.60070     100.80000
      -1.57570      86.44000
      -1.55070     104.80000
      -1.52570     120.50000
      -1.50170      45.14000
      -1.47670     145.50000
      -1.45170      52.72000
      -1.42670     125.30000
      -1.40170     130.10000
      -1.37670     166.80000
      -1.35170     109.60000
      -1.32670     125.00000
      -1.30170     147.40000
      -1.27670     122.70000
      -1.25170     159.50000
      -1.22670     271.70000
      -1.20270     148.80000
      -1.17770     196.00000
      -1.15270     308.20000
      -1.12770     149.90000
      -1.10270      40.65000
      -1.07770     224.20000
      -1.05270     105.10000
      -1.02770      67.49000
      -1.00270     135.70000
      -0.97770     226.40000
      -0.95270      61.28000
      -0.92770     122.00000
      -0.90370     122.00000
      -0.87870     139.70000
      -0.85370     119.30000
      -0.82870     124.30000
      -0.80370     157.70000
      -0.77870     140.80000
      -0.75370     105.80000
      -0.72870     108.80000
      -0.70370     164.60000
      -0.67870     135.50000
      -0.65370     159.50000
      -0.62870     140.80000
      -0.60470     139.50000
      -0.57970     138.90000
      -0.55470     124.20000
      -0.52970     128.20000
      -0.50470     106.30000
      -0.47970      98.63000
      -0.45470     139.20000
      -0.42970      75.93000
      -0.40470     109.20000
      -0.37970     131.40000
      -0.35470     125.80000
      -0.32970      99.63000
      -0.30570     146.80000
      -0.28070     128.70000
      -0.25570      99.80000
      -0.23070     148.20000
      -0.20570      91.41000
      -0.18070     151.00000
      -0.15570      49.54000
      -0.13070      61.07000
      -0.10570      61.63000
      -0.08070      32.66000
      -0.05570      79.98000
      -0.03070      42.91000
      -0.00670       0.00000
       0.01830       0.00000
       0.04330       0.00000
       0.06830       0.00000
       0.09330       0.00000
       0.11830       0.00000
       0.14330       0.00000
       0.16830       0.00000
       0.19330       0.00000
       0.21830       0.00000
       0.24330       0.00000
       0.26830       0.00000
       0.29230       0.00000
       0.31730       0.00000
       0.34230       0.00000
       0.36730       0.00000
       0.39230       0.00000
       0.41730       0.00000
       0.44230       0.00000
       0.46730       0.00000
       0.49230       0.00000
       0.51730       0.00000
       0.54230       0.00000
       0.56730       0.00000
       0.59130       0.00000
       0.61630       0.00000
       0.64130      19.00000
       0.66630      41.83000
       0.69130      28.56000
       0.71630      50.49000
       0.74130       9.39300
       0.76630      57.18000
       0.79130       0.00000
       0.81630      67.50000
       0.84130       0.00000
       0.86630      64.81000
       0.89030      17.83000
       0.91530      75.08000
       0.94030      22.44000
       0.96530      62.00000
       0.99030      53.53000
       1.01530      56.92000
       1.04030      54.54000
       1.06530      30.23000
       1.09030      31.06000
       1.11530      18.61000
       1.14030     133.60000
       1.16530      24.81000
       1.18930     130.60000
       1.21430      77.12000
       1.23930      61.36000
       1.26430     126.20000
       1.28930      85.20000
       1.31430     130.70000
       1.33930      65.31000
       1.36430      23.06000
       1.38930      58.42000
       1.41430      45.02000
       1.43930     109.00000
       1.46430      36.15000
       1.48830     130.80000
       1.51330      83.27000
       1.53830      51.52000
       1.56330      65.27000
       1.58830      97.94000
       1.61330      94.17000
       1.63830     141.50000
       1.66330      81.76000
       1.68830     132.00000
       1.71330     159.80000
       1.73830      69.42000
       1.76330     202.40000
       1.78730     102.00000
       1.81230      69.70000
       1.83730     312.50000
       1.86230      81.76000
       1.88730      55.86000
       1.91230      70.41000
       1.93730      85.10000
       1.96230     310.90000
       1.98730      74.33000
       2.01230     333.90000
       2.03730     118.50000
       2.06230      74.97000
       2.08630     279.10000
       2.11130       0.00000
       2.13630     125.20000
       2.16130     107.70000
       2.18630     166.80000
       2.21130     100.60000
       2.23630     116.50000
       2.26130      72.38000
       2.28630     136.50000
       2.31130     141.90000
       2.33630      76.66000
       2.36130     142.30000
       2.38530     104.90000
       2.41030       0.00000
       2.43530       0.00000
       2.46030       0.00000
       2.48530       0.00000
       2.51030       0.00000
       2.53530       0.00000
       2.56030       0.00000
       2.58530       0.00000
       2.61030       0.00000
       2.63530       0.00000
       2.66030       0.00000
       2.68430       0.00000
       2.70930       0.00000
       2.73430       0.00000
       2.75930       0.00000
       2.78430       0.00000
       2.80930       0.00000
       2.83430       0.00000
       2.85930       0.00000
       2.88430       0.00000
       2.90930       0.00000
       2.93430       0.00000
       2.95930       0.00000
       2.98330       0.00000
       3.00830       0.00000
       3.03330       0.00000
       3.05830       0.00000
       3.08330       0.00000
       3.10830       0.00000
       3.13330       0.00000
       3.15830       0.00000
       3.18330       0.00000
       3.20830       0.00000
       3.23330       0.00000
       3.25830       0.00000
       3.28230       0.00000
       3.30730       0.00000
       3.33230       0.00000
       3.35730       0.00000
       3.38230       0.00000
       3.40730       0.00000
       3.43230       0.00000
       3.45730       0.00000
       3.48230       0.00000
       3.50730       0.00000
       3.53230       0.00000
       3.55730       0.00000
       3.58130       0.00000
       3.60630       0.00000
       3.63130       0.00000
       3.65630       0.00000
       3.68130       0.00000
       3.70630       0.00000
       3.73130       0.00000
       3.75630       0.00000
       3.78130       0.00000
       3.80630       0.00000
       3.83130       0.00000
       3.85630       0.00000
       3.88030       0.00000
       3.90530       0.00000
       3.93030       0.00000
       3.95530       0.00000
       3.98030       0.00000
       4.00530       0.00000
       4.03030       0.00000
       4.05530       0.00000
       4.08030       0.00000
       4.10530       0.00000
       4.13030       0.00000
       4.15530       0.00000
       4.17930       0.00000
       4.20430       0.00000
       4.22930       0.00000
       4.25430       0.00000
       4.27930       0.00000
       4.30430       0.00000
       4.32930       0.00000
       4.35430       0.00000
       4.37930       0.00000
       4.40430       0.00000
       4.42930       0.00000
       4.45430       0.00000
       4.47830       0.00000
       4.50330       0.00000
       4.52830       0.00000
       4.55330       0.00000
       4.57830       0.00000
       4.60330       0.00000
       4.62830       0.00000
       4.65330       0.00000
